0.9928282828282826	 0.21494949494949497	 0.21717171717171718	 0.2127272727272727	 0.13931639628609319	 0.2783307825732069	 0.27912253851647795	 11.34	 11.52	 8.43	 7.96	 6.45	 6.35
0.9945918367346945	 0.22091836734693876	 0.22285714285714286	 0.2189795918367347	 0.13618908788005002	 0.27531028738025826	 0.270237401082882	 11.67	 10.89	 7.68	 7.88	 5.83	 6.24
0.997628865979381	 0.22546391752577322	 0.22783505154639178	 0.22309278350515466	 0.13110426187692636	 0.2658135827399299	 0.2584929322988628	 10.85	 10.68	 7.32	 7.48	 5.96	 6.06
0.9985416666666667	 0.22927083333333334	 0.22666666666666668	 0.23187500000000003	 0.12799045138888887	 0.2589149305555555	 0.25315104166666663	 10.34	 10.47	 7.6	 7.18	 6.09	 5.94
0.9991578947368421	 0.23757894736842106	 0.23684210526315788	 0.23810526315789474	 0.12511911357340721	 0.2557695290858726	 0.24453850415512476	 10.06	 10.03	 7.39	 7.02	 5.69	 5.6
0.9997872340425532	 0.2398936170212766	 0.2374468085106383	 0.2423404255319149	 0.12230873698506108	 0.24376641014033504	 0.24540516070620189	 9.54	 9.83	 6.98	 6.97	 5.76	 5.5
0.9997872340425532	 0.24393617021276595	 0.23978723404255317	 0.24808510638297873	 0.12041647804436394	 0.24871887732005427	 0.23347215934812135	 9.99	 9.49	 7.11	 6.77	 5.56	 5.38
1.0	 0.2505434782608696	 0.25065217391304345	 0.25021739130434784	 0.12075141776937617	 0.24038752362948973	 0.24291115311909267	 9.24	 9.57	 6.82	 6.82	 5.43	 5.31
1.0	 0.2575824175824176	 0.26043956043956046	 0.25472527472527473	 0.11915952179688437	 0.24313971742543156	 0.2332858350440768	 9.62	 9.35	 6.59	 6.5	 5.24	 5.11
1.0	 0.2668888888888889	 0.2691111111111111	 0.2644444444444444	 0.11435555555555547	 0.23062716049382728	 0.2271012345679013	 8.95	 8.74	 6.39	 6.28	 5.01	 5.07
1.0	 0.2789887640449438	 0.2795505617977528	 0.2782022471910113	 0.10867819719732359	 0.22154778437066022	 0.21280141396288357	 8.36	 8.21	 6.24	 5.97	 5.04	 4.9
1.0	 0.2772727272727273	 0.27704545454545454	 0.2772727272727273	 0.10985020661157029	 0.21859504132231414	 0.22081611570247925	 8.16	 8.21	 6.12	 6.13	 5.0	 5.01
1.0	 0.2718390804597701	 0.2731034482758621	 0.27034482758620687	 0.11382745408904743	 0.23089972255251687	 0.22355397014136608	 8.43	 8.42	 6.12	 6.2	 5.12	 5.0
1.0	 0.29093023255813955	 0.28813953488372096	 0.2932558139534884	 0.10883720930232559	 0.22327744726879398	 0.21163872363439704	 8.44	 7.62	 5.86	 5.75	 4.7	 4.74
1.0	 0.2863529411764706	 0.29105882352941176	 0.2816470588235294	 0.11063252595155705	 0.22822975778546714	 0.2140456747404844	 8.33	 7.75	 5.85	 5.83	 4.74	 4.75
1.0	 0.29654761904761906	 0.3007142857142857	 0.29214285714285715	 0.1090646258503401	 0.210328798185941	 0.22563492063492063	 7.7	 8.18	 5.67	 5.69	 4.59	 4.77
1.0	 0.30373493975903615	 0.30578313253012046	 0.30120481927710846	 0.1063202206416025	 0.21857453912033692	 0.20591667876324574	 7.82	 7.57	 5.72	 5.42	 4.47	 4.46
1.0	 0.3104878048780488	 0.30560975609756097	 0.3146341463414634	 0.10295062462819753	 0.2074717430101131	 0.20439024390243904	 7.2	 7.18	 5.43	 5.39	 4.61	 4.47
1.0	 0.3160493827160494	 0.31950617283950616	 0.3120987654320988	 0.10363664075598229	 0.20919981710105162	 0.20483462886755077	 7.21	 7.2	 5.4	 5.34	 4.39	 4.3
1.0	 0.3195	 0.3195	 0.31925	 0.10222499999999998	 0.2022875	 0.20566249999999997	 6.88	 7.11	 5.17	 5.2	 4.25	 4.31
1.0	 0.32354430379746835	 0.3268354430379747	 0.3192405063291139	 0.10498958500240343	 0.21260695401377988	 0.20708219836564656	 7.26	 7.1	 5.36	 5.24	 4.3	 4.24
1.0	 0.3302564102564103	 0.33384615384615385	 0.3261538461538462	 0.10449046679815907	 0.2117554240631163	 0.20600920447074295	 7.33	 6.81	 5.14	 5.1	 4.08	 4.34
1.0	 0.33844155844155843	 0.34519480519480517	 0.33116883116883117	 0.10115027829313541	 0.20120762354528587	 0.20177432956653746	 6.53	 6.75	 4.9	 5.01	 4.16	 4.02
1.0	 0.3435526315789474	 0.34078947368421053	 0.3447368421052632	 0.10115650969529083	 0.20199445983379496	 0.20182825484764538	 6.48	 6.51	 5.01	 4.97	 4.16	 4.07
1.0	 0.34373333333333334	 0.3469333333333333	 0.34	 0.10517333333333335	 0.21090133333333333	 0.2087395555555555	 6.69	 6.99	 4.99	 4.84	 4.06	 3.95
1.0	 0.3522972972972973	 0.3483783783783784	 0.3548648648648649	 0.10325054784514247	 0.2096420745069393	 0.2024105186267348	 6.82	 6.54	 4.69	 4.63	 3.96	 3.94
1.0	 0.35890410958904106	 0.3575342465753425	 0.3594520547945205	 0.1018127228373053	 0.21267780071307935	 0.19329705385625823	 6.62	 6.2	 4.89	 4.59	 3.92	 3.89
1.0	 0.3765277777777778	 0.3786111111111111	 0.3733333333333333	 0.09763888888888893	 0.19060185185185186	 0.19916666666666646	 5.97	 6.33	 4.44	 4.49	 3.64	 3.7
1.0	 0.37985915492957745	 0.38309859154929576	 0.3749295774647887	 0.09721880579250149	 0.19729418766117843	 0.19010513786947036	 5.98	 5.91	 4.46	 4.42	 3.66	 3.68
1.0	 0.38971428571428574	 0.39285714285714285	 0.386	 0.0965714285714286	 0.19231020408163257	 0.1933061224489795	 5.82	 5.76	 4.42	 4.32	 3.56	 3.67
1.0	 0.3946376811594203	 0.40521739130434786	 0.3823188405797101	 0.09709724847721066	 0.1915395925225793	 0.1956059651333754	 5.71	 5.92	 4.24	 4.33	 3.49	 3.58
1.0	 0.40147058823529413	 0.39294117647058824	 0.4073529411764706	 0.09705882352941175	 0.19987889273356402	 0.18721453287197232	 5.89	 5.51	 4.34	 4.1	 3.59	 3.42
1.0	 0.4137313432835821	 0.4155223880597015	 0.4095522388059702	 0.09437291156159505	 0.19387836934729338	 0.182722209846291	 5.6	 5.26	 4.12	 4.19	 3.45	 3.4
1.0	 0.421969696969697	 0.4212121212121212	 0.4203030303030303	 0.0952341597796143	 0.18956841138659314	 0.18977043158861331	 5.48	 5.31	 3.98	 4.01	 3.37	 3.49
1.0	 0.42723076923076925	 0.4338461538461538	 0.4187692307692307	 0.09624615384615379	 0.19251124260355046	 0.1913751479289941	 5.43	 5.61	 4.01	 3.93	 3.38	 3.3
1.0	 0.44109375	 0.4321875	 0.44875	 0.09376953125	 0.19171875	 0.18212890625	 5.34	 5.18	 3.95	 3.75	 3.27	 3.17
1.0	 0.4450793650793651	 0.44825396825396824	 0.4380952380952381	 0.09440161249685057	 0.19392290249433114	 0.1822524565381709	 5.22	 5.14	 3.89	 3.8	 3.25	 3.13
1.0	 0.4567741935483871	 0.4525806451612903	 0.4570967741935484	 0.09228928199791886	 0.185327783558793	 0.18151925078043704	 4.92	 4.77	 3.84	 3.72	 3.23	 3.18
1.0	 0.4698360655737705	 0.4727868852459016	 0.46524590163934426	 0.09240526740123617	 0.19040042999193763	 0.17735017468422462	 4.91	 4.74	 3.9	 3.69	 3.11	 3.05
1.0	 0.4681666666666667	 0.4716666666666667	 0.46366666666666667	 0.09374444444444448	 0.1838666666666666	 0.18979999999999997	 4.76	 4.97	 3.68	 3.61	 3.06	 3.08
1.0	 0.48915254237288136	 0.49186440677966103	 0.4830508474576271	 0.0911117494972709	 0.18495834530307373	 0.17787991956334387	 4.62	 4.68	 3.53	 3.48	 3.04	 2.94
1.0	 0.4931034482758621	 0.49344827586206896	 0.4882758620689655	 0.09204518430439952	 0.18085612366230674	 0.18551724137931036	 4.58	 4.66	 3.39	 3.54	 2.92	 3.01
1.0	 0.5078947368421053	 0.516140350877193	 0.4950877192982456	 0.09130193905817173	 0.18413050169282857	 0.1794275161588182	 4.45	 4.5	 3.5	 3.45	 2.89	 2.8
1.0	 0.5207142857142857	 0.5217857142857143	 0.5157142857142857	 0.08997448979591835	 0.17808673469387754	 0.17923469387755106	 4.36	 4.28	 3.31	 3.3	 2.76	 2.8
1.0	 0.5249090909090909	 0.5356363636363637	 0.508	 0.09260165289256195	 0.1877685950413223	 0.18046942148760323	 4.55	 4.36	 3.23	 3.22	 2.8	 2.76
1.0	 0.5377777777777778	 0.5303703703703704	 0.5418518518518519	 0.09167352537722906	 0.1845816186556927	 0.18096021947873792	 4.39	 4.31	 3.31	 3.24	 2.67	 2.61
1.0	 0.5432075471698113	 0.549811320754717	 0.5332075471698113	 0.0914489142043432	 0.18799572801708805	 0.17597721609113562	 4.23	 4.09	 3.3	 3.11	 2.7	 2.65
1.0	 0.5536538461538462	 0.55	 0.551923076923077	 0.09149408284023672	 0.18579881656804734	 0.17872781065088755	 4.27	 4.01	 3.14	 3.04	 2.63	 2.54
1.0	 0.5711764705882353	 0.571764705882353	 0.563921568627451	 0.08945790080738172	 0.18506728181468662	 0.17107266435986154	 4.0	 3.8	 3.12	 2.95	 2.57	 2.39
1.0	 0.5761999999999999	 0.5624	 0.5848	 0.09068799999999999	 0.18582400000000007	 0.17443200000000003	 4.07	 3.8	 3.11	 2.93	 2.49	 2.47
1.0	 0.5953061224489796	 0.6077551020408164	 0.5759183673469388	 0.08811328613077883	 0.178725531028738	 0.17226155768429816	 3.78	 3.59	 2.87	 2.9	 2.42	 2.37
1.0	 0.5972916666666667	 0.5954166666666666	 0.5920833333333334	 0.0908680555555555	 0.1804861111111111	 0.18048611111111107	 3.75	 3.72	 2.89	 2.91	 2.41	 2.43
1.0	 0.6174468085106383	 0.6323404255319148	 0.5961702127659574	 0.08747849705749207	 0.17629696695337266	 0.1707197827071073	 3.42	 3.47	 2.75	 2.77	 2.34	 2.25
1.0	 0.6267391304347826	 0.6204347826086957	 0.6269565217391304	 0.08911153119092624	 0.18120982986767484	 0.17304347826086958	 3.64	 3.38	 2.74	 2.7	 2.22	 2.26
1.0	 0.6375555555555555	 0.6377777777777778	 0.632	 0.09001481481481484	 0.1894716049382716	 0.1688493827160493	 3.66	 3.38	 2.8	 2.49	 2.22	 2.21
1.0	 0.6472727272727273	 0.65	 0.6359090909090909	 0.08925619834710745	 0.1729338842975207	 0.18128099173553724	 3.27	 3.46	 2.48	 2.59	 2.13	 2.19
1.0	 0.6620930232558139	 0.6697674418604651	 0.6446511627906977	 0.08895619253650616	 0.18297458085451596	 0.1704705246078962	 3.31	 3.24	 2.5	 2.39	 2.19	 2.1
1.0	 0.6702380952380952	 0.6657142857142857	 0.6671428571428571	 0.08927437641723353	 0.17768707482993196	 0.17596371882086168	 3.22	 3.27	 2.48	 2.38	 2.06	 2.02
1.0	 0.6692682926829269	 0.6848780487804877	 0.6448780487804878	 0.09120761451516951	 0.18546103509815598	 0.17698988697204052	 3.2	 3.07	 2.45	 2.43	 2.07	 2.1
1.0	 0.69375	 0.688	 0.6900000000000001	 0.08969999999999993	 0.1789000000000001	 0.17625000000000005	 3.14	 3.01	 2.34	 2.31	 2.02	 2.0
1.0	 0.7025641025641025	 0.7071794871794871	 0.685128205128205	 0.09138724523339914	 0.19071663379355688	 0.17125575279421437	 3.2	 2.91	 2.36	 2.24	 2.02	 2.02
1.0	 0.7136842105263158	 0.7052631578947368	 0.711578947368421	 0.09204986149584485	 0.18243767313019393	 0.18260387811634346	 2.95	 2.99	 2.26	 2.23	 2.02	 1.95
1.0	 0.7354054054054054	 0.7448648648648648	 0.7178378378378378	 0.08958363769174581	 0.18273192111029954	 0.17233016800584366	 2.76	 2.76	 2.14	 2.12	 1.93	 1.84
1.0	 0.7413888888888889	 0.7277777777777777	 0.7466666666666666	 0.09185185185185181	 0.18413580246913588	 0.17962962962962972	 2.87	 2.77	 2.13	 2.17	 1.89	 1.86
1.0	 0.7442857142857143	 0.76	 0.7182857142857143	 0.09345306122448989	 0.19154285714285707	 0.1788081632653062	 2.76	 2.66	 2.13	 2.11	 1.83	 1.85
1.0	 0.7485294117647059	 0.7441176470588236	 0.7417647058823529	 0.0950865051903114	 0.18844290657439444	 0.18830449826989618	 2.63	 2.67	 2.14	 2.08	 1.77	 1.82
1.0	 0.776969696969697	 0.7896969696969697	 0.7551515151515152	 0.09403122130394857	 0.19386593204775024	 0.17917355371900834	 2.69	 2.57	 2.01	 1.94	 1.7	 1.57
1.0	 0.780625	 0.776875	 0.775625	 0.0959375	 0.189296875	 0.190859375	 2.53	 2.53	 1.94	 1.95	 1.65	 1.65
1.0	 0.7958064516129033	 0.807741935483871	 0.7696774193548387	 0.09519250780437045	 0.1983766909469303	 0.1795629552549428	 2.44	 2.33	 1.98	 1.86	 1.6	 1.51
1.0	 0.798	 0.7866666666666667	 0.7959999999999999	 0.09853333333333335	 0.19857777777777785	 0.19271111111111117	 2.46	 2.39	 1.9	 1.87	 1.55	 1.47
1.0	 0.8075862068965518	 0.8241379310344827	 0.7806896551724138	 0.10068965517241385	 0.20756242568370983	 0.19243757431629016	 2.37	 2.37	 1.9	 1.79	 1.51	 1.34
1.0	 0.8135714285714286	 0.8207142857142857	 0.7921428571428571	 0.10249999999999997	 0.19959183673469408	 0.206530612244898	 2.27	 2.32	 1.77	 1.88	 1.28	 1.42
1.0	 0.8288888888888889	 0.8474074074074074	 0.7940740740740742	 0.10337448559670777	 0.21432098765432106	 0.19478737997256526	 2.25	 2.21	 1.71	 1.67	 1.35	 1.21
1.0	 0.8457692307692307	 0.8269230769230769	 0.8492307692307691	 0.10491124260355031	 0.21360946745562143	 0.20260355029585803	 2.2	 2.08	 1.67	 1.57	 1.21	 1.16
1.0	 0.8504	 0.8832	 0.8088	 0.10732799999999998	 0.22028800000000004	 0.20608000000000007	 2.1	 2.09	 1.56	 1.51	 1.21	 1.17
1.0	 0.8595833333333333	 0.8508333333333334	 0.855	 0.10986111111111102	 0.2205555555555554	 0.21499999999999986	 2.08	 1.99	 1.54	 1.45	 1.08	 1.16
1.0	 0.8556521739130435	 0.8799999999999999	 0.8165217391304348	 0.11546313799621923	 0.23637051039697535	 0.22079395085066178	 2.02	 2.04	 1.51	 1.4	 1.15	 1.1
1.0	 0.8681818181818183	 0.8554545454545455	 0.8654545454545454	 0.11768595041322312	 0.23685950413223136	 0.23057851239669427	 2.03	 1.96	 1.4	 1.34	 1.07	 1.08
1.0	 0.8971428571428571	 0.9257142857142858	 0.86	 0.11655328798185943	 0.24671201814058957	 0.21623582766439925	 1.84	 1.72	 1.32	 1.17	 1.05	 1.02
1.0	 0.9019999999999999	 0.892	 0.8949999999999999	 0.12189999999999998	 0.24139999999999975	 0.24039999999999975	 1.8	 1.69	 1.13	 1.26	 1.02	 1.02
