0.9975757575757583	 0.20467171717171717	 0.20500000000000002	 0.20434343434343435	 0.03732374247525763	 0.07458524640342822	 0.07468319559228652	 16.84	 16.74	 12.76	 13.13	 11.33	 11.33
0.9995408163265307	 0.20739795918367346	 0.20724489795918366	 0.20755102040816326	 0.03622032486463974	 0.072204289879217	 0.07266139108704704	 15.73	 16.06	 12.62	 12.26	 10.87	 10.76
1.0	 0.21587628865979383	 0.21618556701030928	 0.21556701030927836	 0.03487060261451802	 0.06908704431926879	 0.07039642895100434	 14.95	 15.8	 11.88	 12.29	 10.47	 10.51
1.0	 0.22539062499999998	 0.22453125	 0.22624999999999998	 0.03328016493055555	 0.06669216579861112	 0.06642306857638891	 14.47	 14.36	 11.42	 11.59	 10.08	 9.94
1.0	 0.22768421052631577	 0.22657894736842105	 0.22878947368421051	 0.03351440443213296	 0.06791745152354572	 0.06613795013850415	 14.98	 14.5	 11.61	 11.33	 10.17	 9.84
1.0	 0.23585106382978724	 0.23638297872340425	 0.23531914893617023	 0.03226375056586692	 0.06427795382526028	 0.06479232684472613	 13.66	 13.89	 10.86	 11.05	 9.38	 9.75
1.0	 0.2408042895442359	 0.24048257372654155	 0.2411260053619303	 0.03141544897181752	 0.06339670377850772	 0.06226969215620038	 13.19	 13.54	 10.66	 10.51	 9.33	 9.09
1.0	 0.2508423913043478	 0.24929347826086956	 0.25228260869565217	 0.02999616020793951	 0.06054938563327033	 0.059398038752363005	 12.35	 12.09	 10.2	 9.81	 9.16	 8.86
1.0	 0.25310439560439557	 0.25346153846153846	 0.25274725274725274	 0.030158193454896755	 0.060329066537857745	 0.06028740490278949	 12.56	 12.51	 9.85	 9.97	 8.78	 8.7
1.0	 0.26063888888888886	 0.2623888888888889	 0.25883333333333336	 0.029680246913580243	 0.058912345679012317	 0.059820987654321	 12.22	 12.7	 9.61	 9.89	 8.48	 8.5
1.0	 0.2647752808988764	 0.26617977528089887	 0.26337078651685397	 0.0290402095694988	 0.05779068299457141	 0.05838593611917692	 11.39	 11.8	 9.59	 9.64	 8.34	 8.27
1.0	 0.27147727272727273	 0.2717613636363636	 0.2711363636363636	 0.028529183884297527	 0.05721268078512396	 0.056896952479338854	 11.34	 11.26	 9.33	 9.19	 8.11	 8.06
1.0	 0.2752586206896552	 0.27413793103448275	 0.27632183908045976	 0.02859591755846214	 0.05761196987713037	 0.05674924032236754	 11.56	 11.28	 9.2	 9.01	 8.04	 7.86
1.0	 0.2784593023255814	 0.27761627906976744	 0.27924418604651163	 0.02845693618171986	 0.05702068685776096	 0.05681719848566793	 11.01	 11.31	 9.03	 8.97	 7.96	 7.77
1.0	 0.2863235294117647	 0.2897647058823529	 0.2826470588235294	 0.028151903114186853	 0.05534186851211073	 0.05719723183391001	 10.65	 11.34	 8.87	 8.92	 7.83	 7.73
1.0	 0.29071428571428576	 0.2905952380952381	 0.29077380952380955	 0.027676445578231294	 0.05561507936507937	 0.055051729024943326	 10.59	 10.47	 8.65	 8.46	 7.6	 7.48
1.0	 0.29765060240963853	 0.2993373493975903	 0.2958433734939759	 0.027337784874437512	 0.05416315865873132	 0.05516911017564232	 10.26	 10.53	 8.16	 8.48	 7.25	 7.35
1.0	 0.29996951219512197	 0.30371951219512194	 0.29621951219512194	 0.02762678465199285	 0.054158239143367044	 0.05629833432480666	 10.17	 10.68	 8.24	 8.43	 7.15	 7.57
1.0	 0.31030864197530866	 0.3092592592592593	 0.3111111111111111	 0.02684880353604634	 0.05428898033836304	 0.05306508154244778	 10.12	 9.64	 8.09	 8.02	 7.19	 7.01
1.0	 0.31625000000000003	 0.31437499999999996	 0.3179375	 0.026517968749999992	 0.053410937500000005	 0.05263437500000003	 9.64	 9.78	 7.99	 7.75	 6.94	 6.7
1.0	 0.3188291139240506	 0.320126582278481	 0.3174050632911392	 0.02659229290177856	 0.05257410671366768	 0.05375180259573785	 9.34	 9.54	 7.67	 7.8	 6.84	 6.82
1.0	 0.3294871794871795	 0.33249999999999996	 0.32634615384615384	 0.02627218934911242	 0.05150147928994083	 0.05347057856673242	 9.17	 9.8	 7.33	 7.57	 6.56	 6.7
1.0	 0.3331168831168831	 0.33090909090909093	 0.33525974025974026	 0.025947461629279814	 0.052269354022600786	 0.051484230055658615	 9.13	 8.8	 7.24	 7.37	 6.39	 6.46
1.0	 0.3435197368421053	 0.34467105263157893	 0.3419736842105263	 0.02556353878116345	 0.05041551246537399	 0.05180488227146813	 8.47	 9.01	 7.03	 7.34	 6.26	 6.48
1.0	 0.34896666666666665	 0.35026666666666667	 0.3473333333333333	 0.025447111111111115	 0.05018844444444446	 0.05153422222222223	 8.31	 8.98	 7.0	 7.22	 6.22	 6.22
1.0	 0.3548310810810811	 0.3564189189189189	 0.3530405405405405	 0.0254232103725347	 0.05080715850986119	 0.05081628926223519	 8.44	 8.67	 7.03	 6.81	 6.1	 6.05
1.0	 0.36253424657534244	 0.36260273972602736	 0.36184931506849316	 0.024974197785700886	 0.049670669919309435	 0.05016794895852878	 8.22	 8.26	 6.63	 6.68	 5.86	 6.0
1.0	 0.3687152777777778	 0.365625	 0.3715972222222222	 0.025196277006172853	 0.050620177469135774	 0.05010223765432099	 8.22	 8.02	 6.72	 6.72	 5.91	 6.03
1.0	 0.3745774647887324	 0.3762676056338028	 0.3727464788732394	 0.025261356873636186	 0.05036996627653241	 0.050618924816504644	 8.19	 8.13	 6.54	 6.54	 5.8	 5.89
1.0	 0.3822142857142857	 0.3792142857142857	 0.3847857142857143	 0.0251219387755102	 0.050753061224489804	 0.04965510204081633	 8.26	 7.95	 6.51	 6.55	 5.8	 5.75
1.0	 0.39159420289855074	 0.3910144927536232	 0.39166666666666666	 0.02489498004620878	 0.04979101029195546	 0.04971224532661205	 7.9	 7.83	 6.36	 6.32	 5.68	 5.62
1.0	 0.3959558823529412	 0.3957352941176471	 0.3957352941176471	 0.02465992647058825	 0.0491371107266436	 0.04944420415224915	 7.48	 7.56	 6.1	 6.12	 5.43	 5.46
1.0	 0.40861940298507465	 0.4096268656716418	 0.40738805970149256	 0.02437792381376699	 0.048508576520383144	 0.04889507685453331	 7.36	 7.47	 5.88	 5.91	 5.32	 5.4
1.0	 0.4145075757575758	 0.4134090909090909	 0.4149242424242425	 0.0244708448117539	 0.04927456382001835	 0.048549127640036736	 7.55	 7.14	 6.07	 5.96	 5.31	 5.2
1.0	 0.4228461538461538	 0.4262307692307692	 0.4187692307692307	 0.0243792899408284	 0.048295857988165686	 0.04913372781065089	 7.04	 7.12	 5.83	 5.86	 5.24	 5.29
1.0	 0.433515625	 0.433984375	 0.431875	 0.0239862060546875	 0.047998046875	 0.047828369140625	 6.91	 6.84	 5.81	 5.49	 5.15	 4.97
1.0	 0.4426984126984127	 0.4477777777777778	 0.4371428571428571	 0.023989040060468616	 0.04687704711514237	 0.04899974804736709	 6.55	 7.3	 5.38	 5.65	 4.88	 4.96
1.0	 0.45169354838709674	 0.4578225806451613	 0.445	 0.023876170655567113	 0.04711498439125911	 0.04828173777315297	 6.63	 6.74	 5.5	 5.62	 4.79	 4.94
1.0	 0.4566393442622951	 0.4550819672131148	 0.45721311475409837	 0.02384506852996505	 0.04790378930395054	 0.04739586132760009	 6.6	 6.38	 5.37	 5.41	 4.79	 4.79
1.0	 0.4701666666666667	 0.4671666666666667	 0.4723333333333333	 0.023619444444444443	 0.04738194444444446	 0.04695416666666667	 6.42	 6.21	 5.24	 5.17	 4.6	 4.68
1.0	 0.4809322033898305	 0.48127118644067796	 0.4800847457627119	 0.02341712151680551	 0.046921861534041945	 0.04665182418845158	 6.17	 6.02	 5.18	 5.19	 4.6	 4.39
1.0	 0.49060344827586205	 0.489051724137931	 0.4910344827586207	 0.023255053507728895	 0.04669441141498216	 0.04629013079667063	 6.21	 5.94	 4.95	 4.87	 4.37	 4.44
1.0	 0.5034649122807018	 0.5026315789473684	 0.5035087719298246	 0.023093259464450604	 0.04636349646044937	 0.04592643890427823	 5.95	 5.76	 4.83	 4.89	 4.36	 4.35
1.0	 0.5109375	 0.5081249999999999	 0.5126785714285714	 0.023222257653061205	 0.046876594387755065	 0.0459359056122449	 5.95	 5.72	 4.91	 4.75	 4.33	 4.21
1.0	 0.5238636363636363	 0.5227272727272727	 0.5242727272727273	 0.022868595041322316	 0.04552561983471075	 0.0458396694214876	 5.55	 5.58	 4.54	 4.65	 4.15	 4.17
1.0	 0.5316203703703704	 0.5301851851851852	 0.5316666666666667	 0.023062414266117975	 0.04638374485596709	 0.04574074074074073	 5.67	 5.49	 4.6	 4.61	 4.12	 4.02
1.0	 0.5442452830188679	 0.5454716981132075	 0.5418867924528301	 0.02284798860804557	 0.04568351726593092	 0.04559807760768955	 5.46	 5.34	 4.57	 4.42	 3.94	 4.05
1.0	 0.5517307692307692	 0.5498076923076923	 0.5526923076923077	 0.02313886834319526	 0.04638128698224853	 0.04603365384615385	 5.53	 5.49	 4.55	 4.39	 3.97	 3.98
1.0	 0.5640196078431373	 0.5619607843137255	 0.5645098039215686	 0.022895040369088814	 0.04610149942329873	 0.04532871972318341	 5.46	 5.16	 4.4	 4.2	 3.82	 3.77
1.0	 0.57845	 0.5760000000000001	 0.5791	 0.022539000000000003	 0.04533600000000001	 0.04472000000000001	 5.13	 4.94	 4.13	 4.08	 3.7	 3.66
1.0	 0.5882142857142858	 0.5895918367346938	 0.5848979591836735	 0.022745730945439396	 0.04502915451895044	 0.04584131611828402	 4.9	 5.01	 4.09	 4.2	 3.64	 3.79
1.0	 0.5984895833333334	 0.59375	 0.6016666666666667	 0.02259006076388889	 0.04539713541666665	 0.044841579861111105	 4.91	 4.81	 4.01	 3.96	 3.55	 3.5
1.0	 0.6121276595744681	 0.6097872340425532	 0.6127659574468085	 0.0224660479855138	 0.04488682661837935	 0.044880036215482116	 4.58	 4.65	 3.87	 3.89	 3.48	 3.43
1.0	 0.6195108695652174	 0.6155434782608696	 0.6220652173913043	 0.022677221172022685	 0.045394612476370506	 0.04515831758034025	 4.59	 4.75	 3.77	 3.69	 3.41	 3.36
1.0	 0.6346666666666666	 0.6285555555555555	 0.6377777777777778	 0.02252222222222222	 0.04542222222222222	 0.04454814814814814	 4.52	 4.44	 3.73	 3.77	 3.32	 3.28
1.0	 0.6455681818181819	 0.6481818181818182	 0.64125	 0.022679493801652885	 0.04488636363636364	 0.0456895661157025	 4.4	 4.6	 3.69	 3.78	 3.27	 3.25
1.0	 0.6530813953488372	 0.6519767441860466	 0.6531395348837209	 0.022735262303948078	 0.045494862087614926	 0.045305570578691175	 4.35	 4.37	 3.63	 3.56	 3.19	 3.18
1.0	 0.6648214285714286	 0.655952380952381	 0.6711904761904762	 0.022757936507936498	 0.04605442176870747	 0.04479024943310657	 4.26	 4.29	 3.46	 3.42	 3.18	 3.03
1.0	 0.6828658536585366	 0.6835365853658536	 0.6802439024390244	 0.02250743604997025	 0.04479179060083285	 0.045059488399762065	 4.05	 4.04	 3.3	 3.43	 3.01	 3.05
1.0	 0.6894375	 0.689125	 0.6877500000000001	 0.02300625000000001	 0.045971875	 0.045959375000000004	 4.14	 4.17	 3.4	 3.37	 3.08	 3.04
1.0	 0.6988461538461538	 0.6950000000000001	 0.7006410256410256	 0.023242932281393826	 0.0467225509533202	 0.04604536489151875	 4.11	 4.08	 3.41	 3.33	 2.97	 2.99
1.0	 0.7113157894736842	 0.7069736842105263	 0.7135526315789473	 0.023067867036011075	 0.04613919667590028	 0.046004155124653744	 3.77	 3.83	 3.18	 3.22	 2.99	 2.85
1.0	 0.7246621621621622	 0.7221621621621621	 0.7254054054054054	 0.023204894083272462	 0.046260043827611376	 0.04642074506939371	 3.78	 3.97	 3.08	 3.13	 2.71	 2.81
1.0	 0.72875	 0.7254166666666666	 0.7295833333333334	 0.023634259259259265	 0.047442129629629626	 0.04689043209876543	 3.8	 3.72	 3.13	 3.05	 2.76	 2.76
1.0	 0.7376428571428572	 0.738	 0.7355714285714287	 0.02386122448979592	 0.04751020408163269	 0.047738775510204105	 3.74	 3.74	 3.0	 2.99	 2.6	 2.63
1.0	 0.7539705882352942	 0.7569117647058823	 0.7489705882352942	 0.02377595155709343	 0.046881487889273384	 0.048053633217993094	 3.49	 3.57	 2.82	 2.9	 2.52	 2.58
1.0	 0.7633333333333334	 0.7653030303030303	 0.7587878787878788	 0.024086317722681362	 0.04764921946740131	 0.04856290174471991	 3.38	 3.58	 2.82	 2.85	 2.41	 2.42
1.0	 0.77	 0.77046875	 0.766875	 0.02448974609375	 0.0486669921875	 0.04908203125	 3.34	 3.34	 2.67	 2.86	 2.41	 2.5
1.0	 0.7858064516129032	 0.7846774193548387	 0.7838709677419355	 0.024591571279916753	 0.04918834547346516	 0.04900104058272633	 3.3	 3.3	 2.72	 2.62	 2.38	 2.24
1.0	 0.78725	 0.7866666666666667	 0.7856666666666666	 0.025255555555555555	 0.05047777777777778	 0.050333333333333334	 3.26	 3.16	 2.65	 2.63	 2.28	 2.33
1.0	 0.7985344827586206	 0.793448275862069	 0.7999999999999999	 0.02576099881093936	 0.05225326991676578	 0.05051724137931036	 3.38	 3.12	 2.6	 2.5	 2.18	 2.19
1.0	 0.8007142857142858	 0.7992857142857143	 0.7994642857142857	 0.026281887755102044	 0.05264030612244897	 0.0523533163265306	 3.16	 3.02	 2.49	 2.48	 2.1	 2.16
1.0	 0.8289814814814815	 0.8244444444444445	 0.8290740740740742	 0.02600137174211248	 0.05206447187928671	 0.05171467764060355	 2.96	 2.92	 2.4	 2.32	 2.11	 2.1
1.0	 0.8278846153846153	 0.8234615384615385	 0.8292307692307692	 0.026886094674556195	 0.05374260355029584	 0.05353550295857988	 2.84	 2.84	 2.3	 2.35	 2.05	 2.1
1.0	 0.8327	 0.8295999999999999	 0.8323999999999999	 0.02786	 0.05599199999999998	 0.05527199999999999	 2.88	 2.79	 2.31	 2.29	 2.07	 2.09
1.0	 0.84875	 0.8433333333333333	 0.8502083333333333	 0.028072916666666673	 0.05664930555555554	 0.05539930555555556	 2.73	 2.6	 2.3	 2.18	 2.03	 2.02
1.0	 0.8483695652173913	 0.8445652173913044	 0.8493478260869566	 0.029324196597353497	 0.05890359168241966	 0.058156899810964065	 2.78	 2.65	 2.16	 2.19	 2.03	 2.02
1.0	 0.86375	 0.8643181818181819	 0.858409090909091	 0.029788223140495868	 0.05928719008264463	 0.05958677685950414	 2.56	 2.59	 2.1	 2.13	 1.96	 1.95
1.0	 0.8714285714285714	 0.8654761904761905	 0.8733333333333333	 0.030651927437641734	 0.06154195011337867	 0.06077097505668935	 2.46	 2.49	 2.09	 2.05	 1.94	 1.93
1.0	 0.8768750000000001	 0.875	 0.8744999999999999	 0.031931249999999994	 0.06368750000000005	 0.06374999999999999	 2.48	 2.45	 2.03	 2.09	 1.91	 1.88
