0.9986262626262626	 0.19850505050505052	 0.1989090909090909	 0.1981010101010101	 0.03037420671360066	 0.06057079889807161	 0.06094953576165699	 17.21	 17.93	 14.18	 13.86	 12.22	 12.18
0.9998367346938777	 0.20928571428571427	 0.20955102040816329	 0.2090204081632653	 0.028840316534777175	 0.057534360683048735	 0.05783990004164932	 16.33	 16.73	 13.42	 13.45	 11.7	 11.62
1.0	 0.2141443298969072	 0.21232989690721651	 0.21595876288659793	 0.02857842491231799	 0.05869308109257092	 0.05564068445105749	 17.0	 15.96	 13.37	 12.71	 11.74	 11.17
1.0	 0.22091666666666668	 0.21908333333333332	 0.22275	 0.0274454861111111	 0.05579583333333333	 0.05399375000000001	 15.74	 15.4	 12.96	 12.27	 11.01	 10.81
1.0	 0.22892631578947367	 0.2289684210526316	 0.22888421052631577	 0.026425085872576172	 0.05298668144044323	 0.05270089750692522	 15.14	 15.18	 11.89	 11.82	 10.41	 10.43
1.0	 0.23497872340425532	 0.23557446808510638	 0.23438297872340424	 0.025811860570393853	 0.051787415119963785	 0.05146147578089633	 14.45	 14.25	 11.57	 11.49	 10.29	 10.14
1.0	 0.2426609442060086	 0.24343347639484977	 0.24188841201716738	 0.024852548398386406	 0.05001934093462767	 0.04937943229751884	 13.95	 13.41	 11.37	 11.0	 9.83	 9.76
1.0	 0.24710869565217392	 0.24726086956521737	 0.24695652173913044	 0.024777693761814747	 0.049765595463137996	 0.04932703213610587	 13.82	 13.56	 11.02	 10.84	 9.65	 9.5
1.0	 0.25272527472527473	 0.25226373626373627	 0.2530549450549451	 0.024338703055186567	 0.048609008573843766	 0.04875623716942399	 12.93	 13.53	 10.52	 10.79	 9.15	 9.46
1.0	 0.25725055432372507	 0.25662971175166294	 0.25787139689578714	 0.024012861293700626	 0.048726210785591036	 0.04732012133666992	 13.18	 12.6	 10.49	 10.09	 9.32	 9.02
1.0	 0.26494382022471913	 0.2658876404494382	 0.264	 0.0233705845221563	 0.04715081429112488	 0.04632505996717584	 12.99	 12.22	 9.98	 9.91	 8.89	 8.82
1.0	 0.27004545454545453	 0.2675	 0.27254545454545454	 0.023060743801652885	 0.046737190082644625	 0.04550826446280991	 12.46	 11.84	 9.88	 9.67	 8.64	 8.62
1.0	 0.27682758620689657	 0.276735632183908	 0.27682758620689657	 0.022677341788875684	 0.04539484740388426	 0.04528577090764963	 11.38	 12.05	 9.59	 9.35	 8.5	 8.31
1.0	 0.28281395348837207	 0.28325581395348837	 0.28237209302325583	 0.022274310438074638	 0.04414667387777178	 0.044901243915630065	 11.19	 11.68	 9.12	 9.43	 8.06	 8.2
1.0	 0.28658823529411764	 0.2878117647058823	 0.2852705882352941	 0.02236611764705882	 0.044754823529411764	 0.04468927335640137	 11.3	 11.15	 9.21	 9.19	 8.12	 8.18
1.0	 0.2934047619047619	 0.2925238095238095	 0.29419047619047617	 0.02198934240362812	 0.04430113378684809	 0.04363174603174603	 10.83	 10.68	 9.07	 8.8	 8.04	 7.86
1.0	 0.29819277108433734	 0.295855421686747	 0.3003855421686747	 0.021886717956161993	 0.04463881550297577	 0.0428876179416461	 11.1	 10.52	 9.06	 8.58	 7.83	 7.64
1.0	 0.3018292682926829	 0.304390243902439	 0.29917073170731706	 0.02189458655562165	 0.04326044021415823	 0.04427888161808448	 10.57	 10.84	 8.62	 8.7	 7.65	 7.68
1.0	 0.31076543209876545	 0.30992592592592594	 0.3114567901234568	 0.021496723060509072	 0.04337972869989329	 0.04258082609358331	 10.19	 10.34	 8.58	 8.35	 7.69	 7.47
1.0	 0.3166	 0.3155	 0.3175	 0.02120799999999999	 0.04264050000000001	 0.042158000000000015	 10.06	 10.05	 8.46	 8.13	 7.46	 7.23
1.0	 0.32134177215189874	 0.32136708860759494	 0.3212151898734177	 0.021145072904983183	 0.04258753404903061	 0.04195840410190673	 9.87	 9.76	 8.15	 8.17	 7.22	 7.16
1.0	 0.3274871794871795	 0.32866666666666666	 0.3262051282051282	 0.021066666666666668	 0.041690992767915845	 0.04254043392504933	 9.63	 9.75	 7.71	 8.08	 6.82	 7.22
1.0	 0.3338961038961039	 0.33496103896103896	 0.33262337662337665	 0.021039365828976232	 0.04182884128858154	 0.042327542587282815	 9.44	 10.25	 7.77	 7.86	 6.93	 6.82
1.0	 0.3409736842105263	 0.3418421052631579	 0.33999999999999997	 0.02064653739612189	 0.04133518005540168	 0.041212188365650965	 9.2	 9.18	 7.53	 7.47	 6.78	 6.57
1.0	 0.34472	 0.34501333333333334	 0.34416	 0.02077838222222222	 0.04168931555555555	 0.04136732444444444	 9.07	 9.31	 7.65	 7.59	 6.7	 6.56
1.0	 0.35462162162162164	 0.3554054054054054	 0.3536756756756757	 0.02030854638422206	 0.040354711468224974	 0.04084674945215485	 8.48	 8.96	 7.21	 7.33	 6.51	 6.48
1.0	 0.36131506849315065	 0.3603835616438356	 0.36186301369863016	 0.020378157252767874	 0.04128534434227808	 0.040205066616626005	 8.93	 8.76	 7.3	 7.18	 6.42	 6.35
1.0	 0.3670277777777778	 0.3676666666666667	 0.36611111111111116	 0.02009228395061729	 0.03987654320987654	 0.04045679012345679	 8.31	 8.59	 6.78	 6.98	 6.18	 6.23
1.0	 0.37487323943661977	 0.37746478873239436	 0.37205633802816906	 0.020082364610196385	 0.04039389010117041	 0.039884784764927586	 8.6	 8.31	 6.85	 6.7	 6.15	 6.1
1.0	 0.38311428571428574	 0.3822285714285714	 0.38371428571428573	 0.01980669387755102	 0.039802775510204086	 0.039386122448979585	 8.36	 7.95	 6.72	 6.7	 6.01	 5.87
1.0	 0.39257971014492754	 0.395536231884058	 0.3893333333333333	 0.019592522579290058	 0.038877210670027314	 0.03947002730518798	 7.74	 8.08	 6.39	 6.6	 5.72	 5.82
1.0	 0.3981176470588236	 0.394	 0.4018823529411764	 0.019830103806228367	 0.03995640138408305	 0.03930449826989619	 7.93	 8.14	 6.63	 6.42	 5.97	 5.71
1.0	 0.4062686567164179	 0.40752238805970153	 0.4044776119402985	 0.019730006683002906	 0.039665315214969944	 0.03917487190911117	 8.06	 7.72	 6.5	 6.36	 5.74	 5.7
1.0	 0.41557575757575754	 0.4142424242424242	 0.4167272727272728	 0.01956584022038567	 0.03952029384756656	 0.038675482093663914	 7.93	 7.47	 6.37	 6.18	 5.62	 5.45
1.0	 0.4236	 0.42652307692307695	 0.4202461538461539	 0.01956165680473372	 0.03896577514792899	 0.03925207100591714	 7.49	 7.56	 6.24	 6.22	 5.54	 5.57
1.0	 0.43596874999999996	 0.4369375	 0.4346875	 0.019376171874999994	 0.038535156249999994	 0.03892734375000001	 7.47	 7.45	 5.95	 6.11	 5.34	 5.46
1.0	 0.4402857142857143	 0.44260317460317455	 0.4374603174603175	 0.01941607457797934	 0.038591080876795164	 0.039012748803224986	 7.17	 7.45	 5.87	 5.99	 5.16	 5.31
1.0	 0.4501612903225807	 0.4486451612903226	 0.4510967741935484	 0.019113423517169617	 0.03837752341311136	 0.03800624349635796	 7.0	 6.78	 5.69	 5.7	 5.1	 5.15
1.0	 0.4594098360655738	 0.46118032786885244	 0.456983606557377	 0.01914324106423004	 0.038289922063961306	 0.03823574307981728	 6.99	 6.81	 5.66	 5.75	 5.01	 5.08
1.0	 0.4708333333333333	 0.4732	 0.4678	 0.01877777777777777	 0.03706844444444445	 0.037985777777777764	 6.42	 6.67	 5.31	 5.5	 4.82	 5.01
1.0	 0.4790169491525424	 0.4825762711864407	 0.4747796610169492	 0.01889617925883367	 0.03775650675093365	 0.037765699511634575	 6.56	 6.53	 5.39	 5.35	 4.8	 4.82
1.0	 0.4886896551724138	 0.4896551724137931	 0.48689655172413787	 0.018727705112960746	 0.03726611177170035	 0.03756575505350772	 6.3	 6.27	 5.13	 5.37	 4.62	 4.75
1.0	 0.5017543859649123	 0.49943859649122807	 0.5033684210526316	 0.01854453678054787	 0.037678054786088024	 0.03643311788242537	 6.16	 6.01	 5.22	 5.03	 4.67	 4.47
1.0	 0.5113928571428571	 0.5095714285714286	 0.5123571428571428	 0.018541836734693878	 0.03715204081632653	 0.0369765306122449	 6.1	 6.05	 5.08	 4.98	 4.45	 4.57
1.0	 0.5210545454545454	 0.5206545454545455	 0.5207272727272727	 0.018655735537190077	 0.03730089256198346	 0.03725646280991735	 6.09	 6.2	 4.86	 5.01	 4.4	 4.54
1.0	 0.531962962962963	 0.5308888888888889	 0.5317777777777778	 0.01834567901234568	 0.036654046639231816	 0.03665075445816184	 5.73	 5.72	 4.76	 4.75	 4.28	 4.34
1.0	 0.5431698113207547	 0.5446037735849056	 0.5405283018867925	 0.018345033819864732	 0.03698625845496618	 0.036315272338910624	 5.84	 5.53	 4.74	 4.64	 4.2	 4.15
1.0	 0.5559230769230769	 0.5569999999999999	 0.5539999999999999	 0.01818520710059171	 0.03630769230769232	 0.036355029585798816	 5.54	 5.41	 4.47	 4.62	 4.11	 4.11
1.0	 0.5635294117647058	 0.5632941176470587	 0.5630588235294118	 0.018355401768550557	 0.03693471741637831	 0.03637862360630528	 5.45	 5.49	 4.61	 4.48	 4.13	 3.98
1.0	 0.5744	 0.57512	 0.57272	 0.018241919999999995	 0.036230399999999996	 0.03666431999999999	 5.19	 5.37	 4.38	 4.4	 3.9	 3.98
1.0	 0.5865306122448979	 0.5921632653061225	 0.579265306122449	 0.018331028738025824	 0.03652211578508956	 0.036712703040399836	 5.38	 5.34	 4.27	 4.38	 3.87	 3.92
1.0	 0.598125	 0.5935	 0.6014166666666667	 0.018164583333333328	 0.036576388888888874	 0.03598888888888888	 5.18	 5.01	 4.24	 4.13	 3.78	 3.74
1.0	 0.6062127659574469	 0.6103829787234042	 0.6006808510638297	 0.018176550475328207	 0.03636903576278858	 0.036282118605703934	 4.91	 4.92	 4.07	 4.08	 3.73	 3.69
1.0	 0.623	 0.6252173913043478	 0.6191304347826088	 0.018173913043478256	 0.03600604914933837	 0.03660642722117203	 4.88	 5.01	 4.01	 4.14	 3.57	 3.66
1.0	 0.6341333333333333	 0.6338666666666667	 0.6322666666666666	 0.018063012345679013	 0.036397827160493834	 0.035754666666666664	 4.78	 4.62	 3.93	 3.87	 3.55	 3.49
1.0	 0.6445454545454546	 0.6426363636363636	 0.6443636363636364	 0.018131404958677686	 0.03622314049586776	 0.036188429752066105	 4.64	 4.6	 3.85	 3.93	 3.37	 3.36
1.0	 0.6595348837209303	 0.6625116279069767	 0.6552558139534883	 0.018148620876149275	 0.036489345592212015	 0.036001297998918325	 4.63	 4.49	 3.71	 3.79	 3.41	 3.32
1.0	 0.6641428571428571	 0.6603809523809524	 0.6665714285714285	 0.01828843537414965	 0.03667845804988663	 0.036360997732426306	 4.45	 4.46	 3.7	 3.66	 3.22	 3.26
1.0	 0.679219512195122	 0.6851707317073171	 0.6717073170731707	 0.01837192147531232	 0.036698155859607375	 0.03672290303390839	 4.52	 4.51	 3.62	 3.59	 3.2	 3.24
1.0	 0.68965	 0.6909000000000001	 0.6865000000000001	 0.018365000000000003	 0.03670799999999999	 0.036675999999999986	 4.42	 4.21	 3.5	 3.52	 3.16	 3.18
1.0	 0.7008205128205128	 0.7004102564102564	 0.6991794871794872	 0.018395266272189348	 0.03716081525312294	 0.03633399079552926	 4.18	 4.08	 3.37	 3.41	 3.01	 3.08
1.0	 0.7145263157894737	 0.7122105263157894	 0.7145263157894737	 0.018399999999999993	 0.036797783933518007	 0.03663822714681439	 3.95	 3.97	 3.42	 3.33	 3.0	 3.0
1.0	 0.7217837837837838	 0.7243243243243244	 0.7176216216216216	 0.0186553688823959	 0.0374766983199416	 0.037062965668371056	 4.02	 4.03	 3.26	 3.26	 2.99	 2.91
1.0	 0.7329444444444445	 0.7342222222222222	 0.7293333333333334	 0.0186358024691358	 0.03725925925925926	 0.0371753086419753	 3.87	 3.72	 3.14	 3.13	 2.87	 2.85
1.0	 0.7409142857142857	 0.7452571428571428	 0.7352	 0.018976653061224494	 0.03811265306122448	 0.03763199999999999	 3.78	 3.75	 3.11	 3.1	 2.83	 2.79
1.0	 0.7538823529411764	 0.7510588235294118	 0.754	 0.018996539792387537	 0.03799584775086504	 0.03783806228373701	 3.66	 3.61	 2.98	 3.11	 2.72	 2.73
1.0	 0.7652121212121212	 0.7681212121212121	 0.7603636363636364	 0.019144168962350782	 0.038508723599632685	 0.03796804407713497	 3.54	 3.56	 2.94	 2.94	 2.59	 2.57
1.0	 0.767625	 0.7707499999999999	 0.76275	 0.019879687499999996	 0.03924375000000002	 0.04017187500000001	 3.6	 3.75	 2.98	 3.02	 2.58	 2.67
1.0	 0.7812903225806451	 0.7821935483870968	 0.7787096774193548	 0.019764412070759626	 0.04000166493236212	 0.03892278876170657	 3.43	 3.34	 2.78	 2.81	 2.58	 2.39
1.0	 0.7889333333333334	 0.7837333333333334	 0.7921333333333332	 0.020147555555555564	 0.04062577777777778	 0.03990044444444445	 3.36	 3.33	 2.89	 2.66	 2.45	 2.35
1.0	 0.7987586206896551	 0.8002758620689656	 0.794896551724138	 0.020432818073721774	 0.04149726516052321	 0.040089417360285366	 3.38	 3.21	 2.67	 2.55	 2.32	 2.26
1.0	 0.8088571428571428	 0.8134285714285714	 0.8025714285714286	 0.020779591836734678	 0.040975510204081654	 0.042057142857142876	 3.06	 3.24	 2.52	 2.6	 2.26	 2.28
1.0	 0.8245925925925925	 0.8285925925925925	 0.8174814814814815	 0.020857064471879277	 0.0420389574759945	 0.041257613168724276	 3.04	 3.02	 2.48	 2.45	 2.16	 2.16
1.0	 0.8268461538461538	 0.8243076923076923	 0.8253846153846154	 0.021706508875739643	 0.04329940828402365	 0.04330887573964497	 3.09	 3.11	 2.49	 2.49	 2.1	 2.17
1.0	 0.83736	 0.8383999999999999	 0.83488	 0.022041599999999998	 0.04467199999999999	 0.043351039999999987	 2.89	 2.9	 2.37	 2.35	 2.11	 2.09
1.0	 0.8461666666666667	 0.8403333333333334	 0.8496666666666666	 0.022636111111111114	 0.0456	 0.04480000000000002	 2.93	 2.86	 2.35	 2.27	 2.09	 2.05
1.0	 0.8546086956521739	 0.8594782608695652	 0.8474782608695651	 0.023141020793950848	 0.0468506616257089	 0.045562192816635164	 2.77	 2.69	 2.25	 2.18	 2.06	 2.04
1.0	 0.8615454545454545	 0.8558181818181818	 0.8643636363636363	 0.023877685950413226	 0.04813223140495869	 0.04723966942148761	 2.66	 2.64	 2.25	 2.17	 2.05	 2.0
1.0	 0.8670476190476191	 0.875047619047619	 0.8544761904761905	 0.024921541950113396	 0.05001723356009068	 0.049451247165532876	 2.68	 2.71	 2.2	 2.25	 1.98	 2.03
1.0	 0.8759	 0.8740000000000001	 0.8744	 0.025611999999999985	 0.051176000000000006	 0.051111999999999984	 2.54	 2.59	 2.14	 2.12	 1.96	 1.99
