0.9991287878787878	 0.1983459595959596	 0.19843434343434344	 0.19825757575757577	 0.01925116059585756	 0.03857093663911846	 0.038447352310988676	 19.71	 19.35	 15.92	 15.98	 13.86	 14.22
1.0	 0.20811224489795918	 0.20936224489795915	 0.20686224489795918	 0.018182723344439815	 0.03632887338608913	 0.03639928675551854	 18.59	 17.81	 15.06	 15.13	 12.92	 13.3
1.0	 0.21586340206185567	 0.2161340206185567	 0.21559278350515465	 0.017332274949516422	 0.034512302051227545	 0.03481480497396109	 17.14	 17.16	 13.88	 14.03	 12.34	 12.52
1.0	 0.22216145833333334	 0.22166666666666668	 0.22265625	 0.016995442708333336	 0.03406046549479167	 0.03393229166666666	 16.49	 16.69	 13.97	 13.72	 12.31	 12.17
1.0	 0.22906578947368422	 0.23021052631578948	 0.22792105263157894	 0.016556578947368422	 0.033046398891966755	 0.03318490304709142	 16.28	 16.32	 13.4	 13.32	 12.03	 11.9
1.0	 0.23503989361702127	 0.23566489361702128	 0.23441489361702128	 0.016131521616115897	 0.03239757808963331	 0.03213360117700317	 15.74	 15.33	 13.01	 12.7	 11.57	 11.41
1.0	 0.2436510067114094	 0.2426845637583893	 0.24461744966442955	 0.01562862934102068	 0.03143325075447054	 0.03108631142741317	 14.75	 15.2	 12.55	 12.38	 11.37	 10.96
1.0	 0.2437092391304348	 0.24380434782608695	 0.2436141304347826	 0.015703272684310012	 0.031225041351606794	 0.031593366020793955	 14.43	 14.94	 11.97	 12.28	 10.93	 10.98
1.0	 0.2517445054945055	 0.250521978021978	 0.252967032967033	 0.015233969327375913	 0.030867195990822376	 0.03006536046371213	 14.86	 13.96	 12.21	 11.67	 10.77	 10.29
1.0	 0.2567361111111111	 0.2563888888888889	 0.25708333333333333	 0.015149151234567901	 0.030442438271604946	 0.030152006172839512	 14.72	 14.0	 11.84	 11.72	 10.33	 10.44
1.0	 0.26390449438202246	 0.26292134831460673	 0.2648595505617978	 0.014714603585405878	 0.029415477843706607	 0.029440253755838915	 13.2	 13.41	 11.12	 11.22	 9.98	 10.08
1.0	 0.26852272727272725	 0.2676704545454545	 0.2693181818181818	 0.014719621642561981	 0.02954238765495868	 0.029330287964876037	 13.69	 13.37	 10.92	 11.25	 9.94	 10.07
1.0	 0.2752729885057471	 0.27402298850574713	 0.2764655172413793	 0.01442619566653455	 0.02908326727440877	 0.028609294490685708	 13.26	 12.88	 10.68	 10.73	 9.53	 9.54
1.0	 0.27954941860465116	 0.27944767441860463	 0.2796220930232558	 0.014158666846944303	 0.028322065981611685	 0.02831395348837208	 12.67	 12.4	 10.46	 10.4	 9.27	 9.34
1.0	 0.2869705882352941	 0.2863235294117647	 0.28758823529411764	 0.013885380622837373	 0.02771505190311418	 0.027806574394463653	 12.15	 12.19	 10.06	 10.0	 8.86	 9.02
1.0	 0.29302083333333334	 0.29291666666666666	 0.29309523809523813	 0.013704294217687079	 0.02744207057823129	 0.027370854591836746	 12.04	 11.56	 9.77	 9.89	 8.84	 8.89
1.0	 0.29754518072289154	 0.29792168674698793	 0.29716867469879515	 0.013701643925097984	 0.027360103062853837	 0.027437581651908842	 11.6	 11.71	 9.77	 9.8	 8.65	 8.72
1.0	 0.3021798780487805	 0.3011890243902439	 0.30310975609756097	 0.013514277215942892	 0.027105331647828662	 0.02693820642474717	 11.2	 11.38	 9.52	 9.27	 8.58	 8.3
1.0	 0.3108179012345679	 0.31222222222222223	 0.3093518518518519	 0.013366769547325104	 0.02649672306050907	 0.02695835238530711	 11.4	 11.46	 8.9	 9.18	 8.15	 8.39
1.0	 0.313734375	 0.313875	 0.31353125	 0.013512890625000001	 0.027010351562500007	 0.027033007812500006	 11.23	 11.22	 9.3	 9.41	 8.4	 8.32
1.0	 0.3214398734177215	 0.32132911392405067	 0.3215506329113924	 0.013260595257170322	 0.026622736740906913	 0.02641724082679058	 11.04	 10.7	 8.92	 8.73	 8.04	 8.02
1.0	 0.3288301282051282	 0.33028846153846153	 0.32727564102564105	 0.0130818540433925	 0.025990713346482584	 0.026330333662064432	 10.62	 10.7	 8.73	 8.73	 7.76	 7.83
1.0	 0.3343019480519481	 0.33610389610389607	 0.33240259740259737	 0.012974679541237983	 0.025570711755776694	 0.026323368190251308	 9.64	 10.38	 8.18	 8.84	 7.6	 7.84
1.0	 0.3407236842105263	 0.3401644736842105	 0.3412171052631579	 0.012879696156509699	 0.025686244806094164	 0.025817390927977836	 9.76	 9.95	 8.17	 8.42	 7.47	 7.67
1.0	 0.3468333333333333	 0.3498	 0.3437	 0.01293811111111111	 0.025627555555555567	 0.026096222222222222	 10.03	 10.13	 8.09	 8.33	 7.27	 7.57
1.0	 0.3518412162162162	 0.35283783783783784	 0.35070945945945947	 0.012977766617969318	 0.025963979181884582	 0.02592836924762601	 10.09	 9.76	 8.4	 8.1	 7.42	 7.35
1.0	 0.3605650684931507	 0.36174657534246574	 0.35934931506849316	 0.012721195346218801	 0.025356539688496917	 0.025502674047663727	 9.62	 9.52	 7.86	 7.98	 7.1	 7.13
1.0	 0.36944444444444446	 0.3687847222222222	 0.3699305555555556	 0.012579089506172843	 0.02521436149691358	 0.025084876543209886	 9.44	 9.36	 7.68	 7.71	 7.0	 6.9
1.0	 0.375193661971831	 0.37640845070422535	 0.37390845070422535	 0.0125272763340607	 0.024980162666137663	 0.025120015869867098	 9.02	 9.1	 7.5	 7.5	 6.88	 6.82
1.0	 0.3831607142857143	 0.3809285714285714	 0.3852857142857143	 0.012477295918367349	 0.02519030612244897	 0.024695918367346935	 8.98	 8.89	 7.61	 7.29	 6.81	 6.58
1.0	 0.39063405797101447	 0.3914492753623189	 0.38956521739130434	 0.01236925015752993	 0.024676013442554073	 0.024786021844150387	 8.68	 8.87	 7.2	 7.2	 6.55	 6.47
1.0	 0.3998345588235294	 0.39886029411764706	 0.400625	 0.012213857050173006	 0.024345263840830446	 0.024492052335640148	 8.01	 8.43	 6.87	 7.07	 6.34	 6.41
1.0	 0.40587686567164183	 0.40503731343283583	 0.4065298507462687	 0.012343784807306748	 0.024778068612163077	 0.02457897081755403	 8.34	 8.31	 7.07	 6.97	 6.51	 6.34
1.0	 0.4133901515151515	 0.4152272727272727	 0.4113636363636363	 0.012207300275482098	 0.024177284205693296	 0.024630394857667583	 8.11	 8.09	 6.74	 6.86	 6.01	 6.12
1.0	 0.42186538461538464	 0.4181153846153846	 0.42526923076923073	 0.012200147928994083	 0.0248266272189349	 0.023948520710059172	 8.3	 7.67	 6.93	 6.52	 6.26	 5.92
1.0	 0.43328125	 0.43390625	 0.4321875	 0.012046356201171875	 0.0239520263671875	 0.02421112060546875	 7.67	 7.87	 6.47	 6.55	 5.89	 5.99
1.0	 0.4401785714285714	 0.4375	 0.44246031746031744	 0.012059712773998487	 0.024180839002267588	 0.02402462836986646	 7.76	 7.72	 6.44	 6.31	 5.81	 5.83
1.0	 0.45088709677419353	 0.45020161290322586	 0.45129032258064516	 0.011911257804370445	 0.02375390218522371	 0.02386478928199792	 7.36	 7.57	 6.23	 6.2	 5.61	 5.68
1.0	 0.4592827868852459	 0.4613114754098361	 0.45684426229508196	 0.011946553345874765	 0.023857833915614073	 0.023903184627788225	 7.41	 7.4	 6.15	 6.12	 5.58	 5.52
1.0	 0.46875	 0.465375	 0.47175	 0.01178628472222222	 0.02377708333333333	 0.02333506944444444	 7.05	 7.02	 6.02	 5.93	 5.44	 5.33
1.0	 0.4785169491525424	 0.47771186440677965	 0.4789830508474577	 0.011836756679115197	 0.023749281815570233	 0.023570094800344728	 7.17	 7.1	 6.02	 5.84	 5.37	 5.36
1.0	 0.48618534482758624	 0.48551724137931035	 0.4862931034482758	 0.011816290130796669	 0.02370726813317479	 0.02353671224732461	 7.08	 6.97	 5.91	 5.75	 5.31	 5.11
1.0	 0.4998245614035087	 0.5000877192982456	 0.49890350877192985	 0.011691289627577716	 0.02344990766389659	 0.0232925515543244	 6.87	 6.71	 5.64	 5.65	 5.2	 5.07
1.0	 0.5110714285714286	 0.5108035714285715	 0.5107142857142858	 0.011582828443877553	 0.023079958545918364	 0.02322823660714286	 6.57	 6.55	 5.37	 5.49	 4.89	 5.04
1.0	 0.5188181818181818	 0.5188636363636364	 0.5180909090909092	 0.011635950413223134	 0.023258677685950416	 0.023266528925619836	 6.62	 6.47	 5.49	 5.41	 4.94	 4.94
1.0	 0.5324074074074074	 0.5352777777777779	 0.5287962962962963	 0.011568930041152264	 0.02295096021947873	 0.02329646776406036	 6.31	 6.46	 5.26	 5.23	 4.8	 4.84
1.0	 0.5437264150943396	 0.5431603773584905	 0.5436792452830189	 0.011553043787824846	 0.023045567817728735	 0.023141242435030258	 6.13	 6.28	 5.38	 5.25	 4.82	 4.74
1.0	 0.5529086538461538	 0.5549038461538461	 0.5503365384615384	 0.011525055473372778	 0.022840236686390538	 0.02323178624260356	 6.09	 6.37	 5.08	 5.2	 4.6	 4.57
1.0	 0.5666421568627451	 0.5683823529411764	 0.563921568627451	 0.011382160707420224	 0.022654267589388696	 0.022845540176855056	 5.85	 5.76	 4.95	 4.95	 4.44	 4.46
1.0	 0.57545	 0.57715	 0.5731	 0.011437999999999999	 0.022701	 0.0230155	 5.93	 5.98	 4.81	 4.88	 4.3	 4.44
1.0	 0.5849744897959184	 0.5840816326530612	 0.5852551020408163	 0.011466316118284055	 0.022903477717617648	 0.022949291961682623	 5.73	 5.69	 4.7	 4.79	 4.28	 4.37
1.0	 0.5963020833333333	 0.5929166666666666	 0.5988020833333333	 0.011443142361111113	 0.023042534722222223	 0.0226877170138889	 5.6	 5.53	 4.62	 4.65	 4.21	 4.22
1.0	 0.6136436170212766	 0.6139893617021277	 0.6125531914893617	 0.011371944318696243	 0.0227291760977818	 0.022722385694884554	 5.47	 5.55	 4.49	 4.68	 4.14	 4.1
1.0	 0.6213586956521739	 0.6213586956521739	 0.6204347826086957	 0.011384983459357272	 0.022680174858223046	 0.02282431474480151	 5.33	 5.58	 4.43	 4.4	 4.0	 4.0
1.0	 0.6300833333333333	 0.6267222222222222	 0.6323888888888889	 0.011456481481481479	 0.023138271604938265	 0.022646296296296286	 5.34	 5.13	 4.45	 4.3	 4.02	 3.89
1.0	 0.6409375	 0.6420454545454546	 0.6386363636363637	 0.011452737603305783	 0.02274728822314049	 0.02301975723140496	 5.09	 5.14	 4.18	 4.36	 3.76	 3.92
1.0	 0.6545058139534884	 0.6501744186046512	 0.6575581395348837	 0.011323688480259603	 0.022800838290968108	 0.02244929691725257	 4.88	 4.7	 4.0	 4.11	 3.7	 3.66
1.0	 0.6655357142857143	 0.6626190476190476	 0.6674404761904762	 0.011477111678004533	 0.023065476190476192	 0.022806122448979595	 4.99	 4.84	 4.15	 4.08	 3.72	 3.6
1.0	 0.6748780487804878	 0.6764634146341463	 0.6722560975609756	 0.01146453004164188	 0.02283610945865557	 0.022955086258179654	 4.58	 4.61	 3.88	 3.96	 3.56	 3.51
1.0	 0.686125	 0.687	 0.684125	 0.011551171875000005	 0.023138281249999997	 0.023035156250000008	 4.66	 4.65	 3.9	 3.8	 3.51	 3.46
1.0	 0.698397435897436	 0.6990384615384615	 0.6969230769230769	 0.011505177514792898	 0.02298816568047337	 0.023006245890861275	 4.43	 4.4	 3.75	 3.72	 3.31	 3.38
1.0	 0.7096052631578947	 0.7114473684210526	 0.7067763157894738	 0.011579380193905817	 0.02304103185595569	 0.0232228185595568	 4.33	 4.5	 3.62	 3.66	 3.3	 3.22
1.0	 0.7207770270270271	 0.7191891891891892	 0.7207432432432432	 0.011726625273922566	 0.023452337472607748	 0.023418553688823965	 4.39	 4.4	 3.64	 3.7	 3.29	 3.24
1.0	 0.729375	 0.7290972222222222	 0.7281944444444445	 0.011814236111111119	 0.023577353395061725	 0.02364101080246913	 4.26	 4.12	 3.53	 3.63	 3.18	 3.21
1.0	 0.7406071428571429	 0.7375	 0.7423571428571429	 0.011899999999999997	 0.024005102040816326	 0.02356020408163264	 4.26	 4.03	 3.51	 3.39	 3.18	 3.09
1.0	 0.7473897058823529	 0.7472794117647058	 0.7464705882352941	 0.012046388408304498	 0.024013840830449832	 0.0241198096885813	 3.92	 3.96	 3.3	 3.4	 3.08	 3.12
1.0	 0.7564772727272727	 0.7568181818181818	 0.7546212121212121	 0.012255509641873281	 0.024452479338842963	 0.02453397612488523	 3.94	 3.89	 3.33	 3.37	 3.06	 3.08
1.0	 0.7724609375	 0.770703125	 0.772421875	 0.0121929931640625	 0.02440673828125	 0.024326171875	 3.73	 3.76	 3.2	 3.19	 2.9	 2.87
1.0	 0.7795161290322581	 0.7815322580645161	 0.7758870967741935	 0.012409599375650367	 0.02465660770031218	 0.024933662851196678	 3.58	 3.68	 3.14	 3.07	 2.91	 2.84
1.0	 0.7938333333333334	 0.79325	 0.7928333333333334	 0.01244583333333333	 0.024758333333333327	 0.024977777777777776	 3.47	 3.59	 2.97	 3.07	 2.69	 2.74
1.0	 0.8029310344827586	 0.8025	 0.8016379310344827	 0.012667954815695593	 0.025286860879904872	 0.025337395957193823	 3.46	 3.35	 2.97	 2.95	 2.59	 2.63
1.0	 0.80625	 0.8048214285714286	 0.8055357142857142	 0.013132971938775512	 0.026312181122448975	 0.026168686224489802	 3.54	 3.52	 3.03	 2.91	 2.67	 2.56
1.0	 0.8171296296296297	 0.8173148148148148	 0.8148148148148148	 0.013249314128943764	 0.02642146776406036	 0.026520919067215352	 3.31	 3.31	 2.78	 2.79	 2.46	 2.48
1.0	 0.8278846153846153	 0.8294230769230769	 0.8247115384615384	 0.013467085798816553	 0.026769600591715948	 0.027030325443786963	 3.19	 3.19	 2.65	 2.77	 2.37	 2.47
1.0	 0.83765	 0.8391	 0.8347	 0.013745	 0.02739199999999999	 0.02752400000000001	 3.16	 3.11	 2.67	 2.62	 2.32	 2.29
1.0	 0.8457291666666666	 0.8469791666666667	 0.8428125	 0.014135199652777772	 0.028125000000000008	 0.02835503472222221	 3.07	 3.07	 2.53	 2.59	 2.27	 2.27
1.0	 0.8523369565217392	 0.8520652173913044	 0.8505434782608695	 0.014611294896030245	 0.029149338374291112	 0.029243856332703225	 3.05	 3.09	 2.48	 2.5	 2.2	 2.19
1.0	 0.8679545454545454	 0.8670454545454546	 0.8669318181818183	 0.014779183884297524	 0.02955061983471073	 0.029498966942148767	 2.93	 2.98	 2.34	 2.32	 2.09	 2.05
1.0	 0.8704761904761905	 0.8702380952380951	 0.8689285714285714	 0.015368480725623588	 0.030714285714285722	 0.0307171201814059	 2.83	 2.8	 2.25	 2.28	 2.09	 2.07
1.0	 0.8751875	 0.872625	 0.87625	 0.0159921875	 0.03200625000000001	 0.03189687499999999	 2.73	 2.73	 2.26	 2.25	 2.04	 2.06
