0.9615404040404048	 0.22803030303030303	 0.16960431654676258	 0.3656779661016949	 0.03961534537292114	 0.06715154495108949	 0.07348175811548406	 21.72	 9.84	 17.09	 7.7	 14.76	 6.67
0.970918367346939	 0.22331632653061226	 0.17315217391304347	 0.3426724137931034	 0.039031132861307785	 0.06493173703003573	 0.07817181926278238	 20.91	 10.06	 16.38	 8.03	 14.21	 6.81
0.9786340206185565	 0.22242268041237112	 0.17901459854014598	 0.3267543859649123	 0.03836858327133597	 0.06346289093718367	 0.07791320406278862	 20.66	 9.37	 16.0	 7.62	 13.97	 6.71
0.9872916666666667	 0.21427083333333333	 0.1798529411764706	 0.2978571428571429	 0.03868082682291668	 0.06258542387543252	 0.08559470663265306	 19.86	 10.5	 15.37	 7.83	 13.7	 6.73
0.9912894736842104	 0.2196315789473684	 0.18933333333333333	 0.29400000000000004	 0.03808975069252078	 0.061176680384087814	 0.08603636363636363	 19.94	 10.02	 15.27	 7.79	 13.31	 6.93
0.9966223404255321	 0.21718085106382978	 0.19171641791044777	 0.2803703703703704	 0.0375065074694432	 0.059474270438850486	 0.08831790123456791	 18.95	 9.95	 14.83	 7.73	 12.88	 6.62
0.9975268817204299	 0.22360215053763444	 0.20011278195488721	 0.2825471698113208	 0.036465776390334145	 0.05724489795918368	 0.08855464578141686	 18.02	 9.54	 14.02	 7.64	 12.37	 6.65
0.9997010869565217	 0.22307065217391306	 0.20053030303030303	 0.28028846153846154	 0.037124586483931944	 0.05814422635445362	 0.09009985207100595	 18.65	 9.57	 14.26	 7.53	 12.63	 6.49
0.9995604395604396	 0.23346153846153847	 0.2119083969465649	 0.2888235294117647	 0.03553405385822968	 0.055196084144280635	 0.08827374086889657	 17.73	 9.4	 13.9	 7.18	 11.98	 6.15
0.9998055555555555	 0.2336111111111111	 0.21126923076923076	 0.2917	 0.03552407407407408	 0.05490384615384614	 0.08918000000000001	 16.9	 9.16	 13.68	 7.22	 11.79	 6.36
1.0	 0.2393258426966292	 0.2180232558139535	 0.2953061224489796	 0.03492772377225098	 0.05377651583438494	 0.08809454394002499	 16.53	 8.62	 13.19	 6.99	 11.59	 6.18
1.0	 0.2496875	 0.2259765625	 0.3126041666666667	 0.03354661673553718	 0.0516339111328125	 0.0836067708333333	 15.78	 8.15	 12.82	 6.4	 11.04	 5.6
1.0	 0.2535919540229885	 0.2303543307086614	 0.31638297872340426	 0.03349649887699827	 0.05138632277264555	 0.08390221819827973	 15.76	 7.78	 12.71	 6.4	 11.21	 5.63
1.0	 0.2550581395348837	 0.23559523809523808	 0.30826086956521737	 0.033575919415900476	 0.05042579994960949	 0.09097353497164459	 14.96	 8.52	 12.48	 6.77	 10.75	 5.76
1.0	 0.2630294117647059	 0.24124	 0.32355555555555554	 0.032407266435986154	 0.04872128000000002	 0.08636790123456786	 14.27	 7.89	 11.8	 6.27	 10.39	 5.29
1.0	 0.2673809523809524	 0.2471774193548387	 0.32386363636363635	 0.03238626700680272	 0.048377666493236215	 0.08791322314049588	 14.38	 7.71	 11.53	 6.17	 10.19	 5.34
1.0	 0.27295180722891565	 0.25109756097560976	 0.33523255813953484	 0.032472056902308026	 0.04851510344371736	 0.08687128177393183	 14.45	 7.53	 11.81	 5.92	 10.23	 5.08
1.0	 0.2810670731707317	 0.260327868852459	 0.3411904761904762	 0.031435901249256396	 0.04659231389411447	 0.08594671201814062	 13.57	 6.98	 11.02	 5.61	 9.81	 5.01
1.0	 0.2854938271604938	 0.2650413223140496	 0.34585365853658534	 0.03149748513946044	 0.046483163718325254	 0.08669244497323028	 14.13	 6.83	 10.95	 5.62	 9.63	 4.94
1.0	 0.29300000000000004	 0.2725	 0.35375	 0.030934375	 0.04518645833333335	 0.08819375000000003	 13.2	 6.92	 10.69	 5.67	 9.45	 4.82
1.0	 0.2981962025316456	 0.27768907563025214	 0.3607692307692308	 0.03089288575548789	 0.04480050843866959	 0.08973044049967126	 12.85	 6.98	 10.42	 5.51	 9.24	 4.76
1.0	 0.30442307692307696	 0.28423728813559324	 0.36657894736842106	 0.031196170282708744	 0.04539679689744326	 0.08773891966759001	 13.39	 6.38	 10.95	 5.16	 9.59	 4.5
1.0	 0.3112662337662338	 0.2915384615384615	 0.37270270270270267	 0.03053339517625232	 0.04383117831835779	 0.09025200876552228	 12.67	 6.63	 10.16	 5.08	 9.16	 4.47
1.0	 0.31644736842105264	 0.2963793103448276	 0.38083333333333336	 0.030328514542936297	 0.04337024375743161	 0.08988811728395062	 12.47	 6.14	 10.04	 5.0	 8.92	 4.31
1.0	 0.3287	 0.30847826086956526	 0.3945714285714286	 0.029590222222222216	 0.04207599243856329	 0.08913061224489799	 12.29	 5.89	 9.79	 4.79	 8.54	 4.24
1.0	 0.3325337837837838	 0.312280701754386	 0.39941176470588236	 0.029674032140248347	 0.04186480455524778	 0.09131487889273354	 11.68	 6.03	 9.53	 4.68	 8.49	 4.15
1.0	 0.3397602739726027	 0.319070796460177	 0.40969696969696967	 0.029518202289360106	 0.04140183256323911	 0.0918824609733701	 11.67	 5.8	 9.35	 4.55	 8.39	 4.04
1.0	 0.34729166666666667	 0.32834821428571426	 0.413125	 0.028756269290123457	 0.03988560267857143	 0.0933984375	 11.01	 5.66	 8.99	 4.6	 7.94	 3.95
1.0	 0.3564788732394366	 0.33675675675675676	 0.42612903225806453	 0.028752727633406073	 0.03975245515786056	 0.09311654526534867	 11.17	 5.5	 9.01	 4.37	 7.98	 3.87
1.0	 0.36360714285714285	 0.3424090909090909	 0.44033333333333335	 0.028629081632653056	 0.03939917355371901	 0.09297222222222222	 10.65	 5.19	 8.9	 4.22	 7.84	 3.68
1.0	 0.3705797101449275	 0.3505504587155963	 0.44517241379310346	 0.028196807393404733	 0.03840164969278679	 0.09548751486325809	 10.22	 5.1	 8.55	 4.2	 7.61	 3.69
1.0	 0.3803308823529412	 0.35958333333333337	 0.45875000000000005	 0.028608888408304497	 0.038872170781893	 0.09607142857142856	 10.93	 4.9	 8.48	 4.04	 7.62	 3.51
1.0	 0.3926865671641791	 0.3732242990654206	 0.4674074074074074	 0.027410336377812445	 0.03681587911608001	 0.09669410150891633	 10.08	 4.68	 7.99	 3.91	 7.18	 3.36
1.0	 0.3975378787878788	 0.3755188679245283	 0.48480769230769233	 0.02759010560146924	 0.036946422214311145	 0.096405325443787	 9.56	 4.53	 7.96	 3.63	 7.08	 3.31
1.0	 0.40653846153846157	 0.3848095238095238	 0.4964	 0.027757396449704146	 0.03686848072562357	 0.09960799999999996	 9.7	 4.62	 8.02	 3.6	 7.16	 3.24
1.0	 0.414921875	 0.3939903846153846	 0.5041666666666667	 0.0272283935546875	 0.035790033284023665	 0.1016753472222222	 9.04	 4.37	 7.72	 3.65	 6.93	 3.23
1.0	 0.4201190476190476	 0.39762135922330094	 0.5180434782608695	 0.02785462333081379	 0.036361579790743705	 0.10563327032136105	 9.34	 4.54	 7.86	 3.67	 6.94	 3.08
1.0	 0.43120967741935484	 0.4075	 0.5386363636363636	 0.02721123829344433	 0.03529748173779315	 0.1047933884297521	 9.09	 4.11	 7.33	 3.41	 6.62	 3.03
1.0	 0.4420081967213115	 0.4176732673267327	 0.5569047619047619	 0.02735353399623757	 0.035288697186550345	 0.10607709750566892	 8.99	 4.1	 7.39	 3.23	 6.63	 2.94
1.0	 0.45249999999999996	 0.42729999999999996	 0.57375	 0.02675555555555556	 0.03425350000000002	 0.106025	 8.62	 3.71	 7.23	 3.13	 6.42	 2.79
1.0	 0.4621610169491525	 0.43757575757575756	 0.5857894736842105	 0.026794742889974146	 0.033938373635343334	 0.11096952908587257	 8.8	 3.8	 7.02	 3.09	 6.21	 2.66
1.0	 0.4736206896551724	 0.44653061224489793	 0.6172222222222222	 0.026883917954815702	 0.033917638483965	 0.10978395061728399	 8.8	 3.51	 7.11	 2.77	 6.19	 2.51
1.0	 0.481140350877193	 0.45603092783505156	 0.6188235294117647	 0.026767466912896262	 0.033332979062599646	 0.11636678200692038	 8.41	 3.43	 6.86	 2.82	 6.12	 2.44
1.0	 0.49263392857142857	 0.46645833333333336	 0.6475	 0.02655133928571428	 0.032809244791666664	 0.1187109375	 8.15	 3.36	 6.54	 2.74	 5.87	 2.32
1.0	 0.5023636363636363	 0.4744736842105263	 0.6736666666666667	 0.02654132231404958	 0.0325174515235457	 0.12115555555555554	 7.94	 3.23	 6.66	 2.58	 5.84	 2.18
1.0	 0.5127314814814815	 0.48595744680851066	 0.6882142857142857	 0.026121399176954725	 0.03171570846536893	 0.12341836734693878	 7.66	 3.0	 6.32	 2.28	 5.64	 2.06
1.0	 0.5156132075471698	 0.4893010752688172	 0.6984615384615385	 0.027184051263794952	 0.03266678228696961	 0.13346153846153846	 8.18	 3.03	 6.43	 2.34	 5.72	 2.09
1.0	 0.5263461538461539	 0.49820652173913044	 0.73375	 0.026684541420118325	 0.03175448960302458	 0.13499999999999995	 7.54	 2.78	 6.31	 2.16	 5.58	 2.01
1.0	 0.5315196078431373	 0.5042307692307693	 0.7477272727272727	 0.026847366397539423	 0.03159763313609466	 0.1428925619834711	 7.34	 2.63	 6.22	 2.13	 5.57	 1.95
1.0	 0.54255	 0.5162222222222222	 0.772	 0.026550000000000004	 0.030877160493827157	 0.15040000000000012	 6.99	 2.44	 5.99	 2.07	 5.38	 1.88
1.0	 0.554438775510204	 0.5287078651685393	 0.8005555555555556	 0.026507705122865474	 0.030456381769978537	 0.16080246913580254	 7.09	 2.37	 5.79	 1.97	 5.17	 1.7
1.0	 0.56015625	 0.5352272727272728	 0.823125	 0.026869574652777777	 0.030508780991735547	 0.17296875	 6.99	 2.2	 5.79	 1.87	 5.23	 1.52
1.0	 0.5706382978723404	 0.5472988505747126	 0.845	 0.02698166591217746	 0.030232527414453685	 0.18928571428571442	 7.13	 2.12	 5.62	 1.71	 5.03	 1.24
1.0	 0.5767934782608696	 0.556046511627907	 0.8624999999999999	 0.026715500945179577	 0.029476068144943218	 0.2144444444444442	 6.46	 1.97	 5.41	 1.49	 4.96	 1.16
1.0	 0.5814444444444444	 0.5625882352941176	 0.8880000000000001	 0.027096296296296285	 0.029492041522491356	 0.24619999999999972	 6.6	 1.78	 5.32	 1.27	 4.79	 1.04
1.0	 0.5798863636363637	 0.5641666666666667	 0.89625	 0.028059142561983465	 0.030072987528344676	 0.30375	 6.66	 1.64	 5.52	 1.18	 4.86	 1.01
1.0	 0.5895348837209302	 0.575722891566265	 0.945	 0.028058409951325046	 0.02959718391638844	 0.36499999999999977	 6.5	 1.29	 5.33	 1.01	 4.78	 1.0
1.0	 0.5920833333333333	 0.5826219512195122	 0.95	 0.028343253968253962	 0.029376115407495528	 0.55	 6.32	 1.2	 5.2	 1.0	 4.61	 1.0
1.0	 0.6029268292682927	 0.5974074074074074	 0.98	 0.02831201665675194	 0.028818777625362	 1.01	 6.26	 1.02	 5.13	 0.96	 4.53	 0.0
