1.0	 0.19537037037037036	 0.1953939393939394	 0.19534680134680132	 0.005257803625480398	 0.010540910791415841	 0.010490430681676474	 25.43	 24.16	 21.39	 21.25	 19.42	 19.03
1.0	 0.20487074829931975	 0.2048095238095238	 0.20493197278911565	 0.004967467259012448	 0.009958813457355732	 0.009910824193623026	 23.47	 22.87	 19.8	 19.43	 17.99	 17.85
1.0	 0.2136048109965636	 0.2141099656357388	 0.2130996563573883	 0.00474198934825994	 0.009457082462417778	 0.00951136618603937	 22.62	 21.61	 18.81	 18.61	 17.33	 17.01
1.0	 0.22155208333333334	 0.22064583333333335	 0.2224583333333333	 0.004580762924382716	 0.00922179783950617	 0.009101620370370373	 21.08	 20.47	 18.27	 17.56	 16.44	 16.1
1.0	 0.22896140350877192	 0.22878596491228068	 0.22913684210526314	 0.00442511542012927	 0.008853421975992612	 0.008847010156971374	 20.19	 20.26	 17.21	 17.31	 15.61	 15.77
1.0	 0.23463120567375886	 0.23387943262411345	 0.23538297872340425	 0.004314762838891405	 0.00867166641517026	 0.008587425179819929	 19.56	 19.31	 16.75	 16.27	 15.34	 14.99
1.0	 0.24070225725546399	 0.2408025797205303	 0.2406019347903977	 0.004245452413263136	 0.008506227661954321	 0.008474472831429167	 19.18	 19.17	 16.45	 16.26	 14.87	 14.86
1.0	 0.2465434782608696	 0.2467536231884058	 0.24633333333333332	 0.004150063011972275	 0.00828745011552195	 0.008312014282713713	 18.39	 17.98	 15.71	 15.44	 14.51	 14.33
1.0	 0.2531575091575092	 0.2526813186813187	 0.25363369963369964	 0.004048013524936601	 0.008109766668008427	 0.008081632653061223	 17.58	 17.48	 15.1	 14.94	 13.88	 13.72
1.0	 0.25696296296296295	 0.2564740740740741	 0.2574518518518519	 0.004037009602194788	 0.008065262002743484	 0.008082403292181066	 17.29	 17.54	 14.7	 15.03	 13.67	 13.92
1.0	 0.26291760299625466	 0.2624868913857678	 0.2633483146067416	 0.0039542706448400175	 0.007929066195345707	 0.007887814389316726	 16.84	 16.52	 14.32	 14.16	 13.19	 13.13
1.0	 0.2695340909090909	 0.2692651515151515	 0.26979545454545456	 0.0038900482093663924	 0.007800872359963269	 0.007758849862258952	 16.52	 16.32	 14.04	 13.96	 12.79	 12.9
1.0	 0.27488122605363985	 0.2741455938697318	 0.2756091954022989	 0.003843349334272839	 0.007723069244432701	 0.007649799621262168	 16.41	 16.03	 13.74	 13.44	 12.72	 12.49
1.0	 0.27928682170542635	 0.2784108527131783	 0.28013953488372095	 0.0037993630190493355	 0.007644865092242056	 0.007552683132023316	 15.9	 15.12	 13.4	 13.06	 12.36	 12.08
1.0	 0.28621960784313727	 0.2855372549019608	 0.2868862745098039	 0.003730694348327566	 0.00750800461361015	 0.007414612841214921	 15.52	 14.57	 13.13	 12.75	 11.9	 11.74
1.0	 0.29147222222222224	 0.292515873015873	 0.2903968253968254	 0.0036930776014109357	 0.007362711010330059	 0.007408591584782059	 14.53	 14.62	 12.38	 12.54	 11.63	 11.57
1.0	 0.2971285140562249	 0.2966024096385542	 0.29762248995983936	 0.003672102062869953	 0.0073557910356284615	 0.007332178513249787	 14.63	 14.17	 12.44	 12.36	 11.38	 11.3
1.0	 0.30206097560975614	 0.3022520325203252	 0.30185365853658536	 0.003654108004494678	 0.007290488465860268	 0.007325864234252093	 14.55	 14.43	 12.19	 12.19	 11.15	 11.16
1.0	 0.3084320987654321	 0.30930041152263377	 0.3075473251028807	 0.0036031160561567515	 0.0071800436925265445	 0.007232230859117005	 13.51	 13.53	 11.72	 11.89	 10.83	 11.02
1.0	 0.31529583333333333	 0.31456666666666666	 0.31601666666666667	 0.003564180555555558	 0.007141666666666664	 0.007113902777777776	 13.65	 13.45	 11.58	 11.61	 10.62	 10.64
1.0	 0.3196033755274262	 0.3192573839662447	 0.3199240506329114	 0.0035673342947177273	 0.007153468995353309	 0.007115569086150722	 13.49	 13.31	 11.44	 11.43	 10.39	 10.53
1.0	 0.3252094017094017	 0.326025641025641	 0.3243846153846154	 0.0035342099495945635	 0.007049806413908975	 0.007087544743955003	 12.74	 12.79	 11.01	 11.19	 10.16	 10.4
1.0	 0.33319047619047615	 0.3338701298701299	 0.3325021645021645	 0.003488277955810423	 0.006936901482356026	 0.0070160754108806065	 12.39	 12.72	 10.73	 10.91	 9.84	 10.06
1.0	 0.33905701754385964	 0.3392982456140351	 0.33878947368421053	 0.00346655894121268	 0.006925654047399199	 0.006939858417974762	 11.99	 12.37	 10.46	 10.57	 9.75	 9.77
1.0	 0.3460711111111111	 0.3469422222222222	 0.34517333333333333	 0.00344244938271605	 0.006878656790123457	 0.006890145185185186	 11.94	 11.93	 10.47	 10.09	 9.66	 9.39
1.0	 0.35264864864864864	 0.35367567567567565	 0.3515945945945946	 0.0034238292346400454	 0.006808164921678436	 0.0068860319779238685	 11.7	 11.85	 9.89	 10.3	 9.23	 9.44
1.0	 0.3598401826484018	 0.35820091324200914	 0.3614611872146119	 0.003404115844123348	 0.006846679593836658	 0.006768666207960635	 11.62	 11.59	 10.07	 10.0	 9.33	 9.19
1.0	 0.3684074074074074	 0.36826851851851855	 0.36848148148148147	 0.003359113511659808	 0.006716700960219479	 0.006718981481481482	 11.29	 11.32	 9.66	 9.86	 8.92	 9.07
1.0	 0.37590610328638496	 0.37722065727699533	 0.37452582159624415	 0.003344574489188652	 0.00666576737419824	 0.006711613656902289	 11.08	 11.12	 9.44	 9.57	 8.73	 8.83
1.0	 0.3826428571428571	 0.3831047619047619	 0.38216190476190476	 0.003333278911564628	 0.006642739229024944	 0.006688943310657596	 10.77	 11.26	 9.32	 9.51	 8.65	 8.7
1.0	 0.3902850241545894	 0.38885990338164256	 0.39166183574879226	 0.003315876683236482	 0.006634049802795864	 0.006627832621531421	 10.82	 10.69	 9.2	 9.24	 8.41	 8.37
1.0	 0.3992450980392157	 0.3992254901960784	 0.39919607843137256	 0.0032962418300653586	 0.006581257208765855	 0.006602326028450598	 10.22	 10.68	 9.02	 9.0	 8.32	 8.38
1.0	 0.4067412935323383	 0.40829850746268653	 0.40507462686567164	 0.0032833444716714945	 0.006534471919011908	 0.006598054503601396	 10.17	 10.27	 8.68	 8.91	 8.09	 8.22
1.0	 0.41525757575757577	 0.4150606060606061	 0.4153838383838384	 0.003256626874808693	 0.006488113457810427	 0.0065367003367003355	 9.52	 10.2	 8.42	 8.73	 7.83	 8.11
1.0	 0.42348717948717945	 0.4240307692307692	 0.42286153846153846	 0.003234608809993425	 0.006440373438527284	 0.00649642077580539	 9.52	 9.55	 8.27	 8.26	 7.7	 7.67
1.0	 0.4320260416666667	 0.4310208333333333	 0.4328958333333333	 0.003237109374999999	 0.006486111111111113	 0.006460698784722222	 9.68	 9.94	 8.33	 8.39	 7.71	 7.7
1.0	 0.44133333333333336	 0.44243386243386246	 0.4401798941798942	 0.003206953892668179	 0.006384188572548363	 0.00644203689706335	 9.26	 9.34	 8.06	 7.99	 7.44	 7.44
1.0	 0.4512634408602151	 0.4526236559139785	 0.44982795698924727	 0.0031892704358885415	 0.006343762284657185	 0.006410914556596139	 9.09	 9.07	 7.87	 7.93	 7.25	 7.4
1.0	 0.46060109289617485	 0.46084153005464484	 0.46024043715846996	 0.0031704380542864814	 0.006332969034608377	 0.006347134880109887	 8.82	 8.79	 7.69	 7.66	 7.11	 7.14
1.0	 0.46945555555555557	 0.4684333333333333	 0.4703333333333333	 0.0031726913580246907	 0.006371432098765433	 0.006317604938271604	 8.91	 8.74	 7.72	 7.67	 7.17	 6.96
1.0	 0.4794632768361582	 0.4791977401129943	 0.4796271186440678	 0.00315355102301382	 0.00631103450477194	 0.006301611925053463	 8.83	 8.63	 7.42	 7.4	 6.87	 6.83
1.0	 0.4899195402298851	 0.48910344827586205	 0.4905287356321839	 0.003132408508389484	 0.006284555423437704	 0.006242991148104107	 8.54	 8.35	 7.37	 7.33	 6.84	 6.6
1.0	 0.4991695906432749	 0.49942690058479533	 0.49884210526315786	 0.0031279641599124518	 0.006262822748879995	 0.006247118771587837	 8.26	 7.97	 7.17	 7.09	 6.55	 6.47
1.0	 0.5090535714285714	 0.5084880952380952	 0.5095238095238095	 0.0031178146258503407	 0.006236337868480729	 0.006232681405895692	 7.78	 8.1	 6.91	 7.01	 6.49	 6.38
1.0	 0.5196424242424242	 0.5180848484848485	 0.5210060606060606	 0.003106806244260788	 0.006260246097337009	 0.0061650101010101	 8.28	 7.7	 7.1	 6.72	 6.45	 6.18
1.0	 0.5313148148148148	 0.5312222222222223	 0.5312222222222223	 0.003083447645176041	 0.006162962962962966	 0.006168785246151501	 7.72	 7.61	 6.66	 6.63	 6.16	 6.15
1.0	 0.541440251572327	 0.5414716981132076	 0.5412578616352202	 0.003081571140382108	 0.006155737510383294	 0.0061683003045765634	 7.52	 7.59	 6.46	 6.5	 6.01	 5.98
1.0	 0.5531794871794872	 0.5527051282051282	 0.5535	 0.003061883629191322	 0.006122222222222224	 0.006122320841551612	 7.5	 7.39	 6.32	 6.41	 5.77	 5.93
1.0	 0.5640065359477124	 0.5627450980392157	 0.5650196078431373	 0.003060088000341749	 0.006132068862403357	 0.006105788371993683	 7.28	 7.13	 6.27	 6.39	 5.79	 5.8
1.0	 0.5746733333333334	 0.5745466666666666	 0.57464	 0.0030537600000000004	 0.00611847111111111	 0.006094755555555552	 7.06	 6.84	 6.09	 5.96	 5.68	 5.52
1.0	 0.5853537414965987	 0.5867891156462586	 0.5836326530612246	 0.003051672914063586	 0.006069174880836691	 0.00613548058679254	 6.83	 6.95	 5.96	 5.97	 5.49	 5.53
1.0	 0.5973263888888889	 0.5974583333333333	 0.5970972222222223	 0.003034837962962963	 0.0060682870370370404	 0.00606886574074074	 6.65	 6.55	 5.74	 5.72	 5.3	 5.3
1.0	 0.6076312056737588	 0.6069503546099291	 0.6080283687943263	 0.0030482370102107546	 0.006096433780996933	 0.006094582767466426	 6.51	 6.51	 5.69	 5.62	 5.22	 5.23
1.0	 0.6207971014492754	 0.6212753623188406	 0.6201304347826087	 0.003038878386893508	 0.006065952530980888	 0.006086998529720644	 6.45	 6.54	 5.54	 5.58	 5.1	 5.24
1.0	 0.6324814814814815	 0.630962962962963	 0.6336740740740741	 0.0030312208504801102	 0.006062441700960221	 0.006059325102880661	 6.22	 6.2	 5.4	 5.46	 4.98	 5.03
1.0	 0.6422424242424243	 0.6433030303030303	 0.640969696969697	 0.003044628099173554	 0.006071533516988066	 0.00610390266299357	 6.2	 6.07	 5.33	 5.34	 4.89	 4.91
1.0	 0.6521007751937985	 0.6502790697674419	 0.6536279069767441	 0.0030543837509765036	 0.006134487110149631	 0.006080644192055764	 5.9	 5.85	 5.22	 5.15	 4.81	 4.74
1.0	 0.6663492063492064	 0.6642222222222222	 0.6682222222222223	 0.003040917107583773	 0.006112018140589568	 0.006046913580246916	 5.89	 5.73	 5.14	 4.95	 4.72	 4.59
1.0	 0.6758292682926829	 0.6773008130081302	 0.6740162601626016	 0.0030549805010245223	 0.006085425342058299	 0.006131323947385819	 5.53	 5.63	 4.81	 4.88	 4.49	 4.56
1.0	 0.6856083333333334	 0.6850833333333334	 0.6857833333333334	 0.0030827500000000004	 0.006181222222222222	 0.006147500000000001	 5.67	 5.41	 4.94	 4.85	 4.49	 4.41
1.0	 0.6971709401709402	 0.6982222222222222	 0.6957606837606838	 0.0030831178318357823	 0.006157118854554753	 0.006171261596902623	 5.49	 5.46	 4.71	 4.61	 4.3	 4.33
1.0	 0.7091578947368421	 0.7088947368421052	 0.7091578947368421	 0.00309375192366882	 0.006185226223453368	 0.006187319175130811	 5.29	 5.24	 4.61	 4.53	 4.21	 4.19
1.0	 0.7179099099099099	 0.7169369369369369	 0.7186126126126126	 0.003120428536644753	 0.006242480318155993	 0.006236571706841978	 4.95	 5.22	 4.46	 4.46	 4.09	 4.19
1.0	 0.7307592592592593	 0.7327592592592592	 0.7285185185185185	 0.0031314128943758573	 0.006220713305898492	 0.0063019890260631	 4.94	 4.93	 4.26	 4.42	 3.99	 4.04
1.0	 0.7381333333333333	 0.7378476190476191	 0.738	 0.0031814965986394555	 0.006372716553287983	 0.00634964172335601	 5.01	 4.94	 4.39	 4.3	 4.03	 3.97
1.0	 0.7508431372549019	 0.7486862745098039	 0.7526078431372548	 0.0031966935793925426	 0.006414071510957322	 0.006369396386005381	 4.66	 4.79	 4.29	 4.2	 3.95	 3.89
1.0	 0.7591717171717172	 0.7603434343434343	 0.7576161616161616	 0.003233547597183961	 0.006447831853892463	 0.006483420059177635	 4.7	 4.7	 4.02	 4.07	 3.78	 3.76
1.0	 0.7698645833333334	 0.767625	 0.7716875000000001	 0.003283897569444444	 0.006592274305555557	 0.006540017361111112	 4.77	 4.72	 4.04	 4.04	 3.73	 3.75
1.0	 0.779	 0.7804731182795699	 0.7770752688172042	 0.0033226962654642144	 0.006625690831309978	 0.006662319343276678	 4.43	 4.56	 3.94	 3.9	 3.62	 3.6
1.0	 0.7889555555555555	 0.7895333333333334	 0.7879555555555555	 0.003368049382716051	 0.00671288888888889	 0.006756246913580244	 4.28	 4.52	 3.74	 3.92	 3.43	 3.51
1.0	 0.8000574712643678	 0.7991724137931034	 0.8004827586206896	 0.003405998150350113	 0.006822248645792046	 0.006797621878715814	 4.25	 4.21	 3.75	 3.7	 3.43	 3.34
1.0	 0.8097261904761904	 0.8098333333333333	 0.8091904761904762	 0.003463832199546488	 0.006924149659863947	 0.006927324263038547	 4.08	 4.15	 3.57	 3.6	 3.29	 3.2
1.0	 0.8167654320987655	 0.8159259259259259	 0.8171604938271605	 0.003543606157597926	 0.007093308946806891	 0.007078189300411522	 4.08	 4.06	 3.52	 3.43	 3.18	 3.2
1.0	 0.8261666666666666	 0.8251282051282052	 0.8266410256410256	 0.0036124917817225515	 0.007238921761998689	 0.007205917159763312	 4.0	 3.8	 3.45	 3.34	 3.17	 3.09
1.0	 0.8365466666666667	 0.8376266666666667	 0.83496	 0.0036892444444444443	 0.007365973333333331	 0.007387022222222222	 3.93	 3.87	 3.38	 3.3	 3.12	 3.09
1.0	 0.840388888888889	 0.8404166666666667	 0.8398888888888889	 0.0038100308641975315	 0.007616975308641975	 0.00761574074074074	 3.74	 3.8	 3.23	 3.24	 3.02	 3.07
1.0	 0.8516666666666667	 0.8497101449275362	 0.8532753623188406	 0.0038934677588741847	 0.007822390254148288	 0.007749464398235667	 3.84	 3.58	 3.17	 3.18	 2.98	 3.01
1.0	 0.8597272727272727	 0.858	 0.8609696969696969	 0.00400137741046832	 0.008030853994490359	 0.007969513314967862	 3.57	 3.59	 3.12	 3.12	 2.91	 2.9
1.0	 0.8673650793650794	 0.8666666666666667	 0.8674603174603175	 0.004131317712270092	 0.008263038548752835	 0.008257193247669442	 3.5	 3.45	 3.04	 3.05	 2.87	 2.85
1.0	 0.8768333333333334	 0.8758999999999999	 0.8769666666666666	 0.004257333333333333	 0.008519777777777777	 0.008500222222222222	 3.31	 3.38	 2.91	 2.94	 2.71	 2.72
