0.997070707070707	 0.2034006734006734	 0.20377104377104377	 0.20303030303030303	 0.050151798569306995	 0.10041152263374489	 0.10026097110272193	 15.87	 16.29	 12.23	 12.02	 10.37	 10.06
0.9989795918367349	 0.21064625850340135	 0.20755102040816328	 0.21374149659863947	 0.047396917950853774	 0.09573048266925817	 0.09384052940904251	 14.69	 15.01	 11.46	 11.3	 9.99	 9.73
0.9998969072164949	 0.21711340206185567	 0.217319587628866	 0.21690721649484535	 0.04590403986726654	 0.09303338411213848	 0.09069803143562305	 14.48	 14.04	 11.14	 10.76	 9.53	 9.49
0.9999305555555555	 0.22569444444444445	 0.22749999999999998	 0.22388888888888892	 0.04510030864197529	 0.08916763117283949	 0.09125578703703704	 13.96	 14.11	 10.86	 11.19	 9.3	 9.48
1.0	 0.2343859649122807	 0.23333333333333334	 0.23543859649122806	 0.04261594336718992	 0.08612225300092341	 0.0843661434287473	 12.96	 13.03	 10.62	 10.14	 8.83	 8.59
1.0	 0.23631205673758865	 0.23567375886524822	 0.23695035460992905	 0.04290629244001812	 0.08618781751420956	 0.08536190332478244	 13.18	 12.9	 10.17	 10.22	 8.72	 8.75
1.0	 0.23885714285714285	 0.24071428571428574	 0.237	 0.042617346938775516	 0.08477755102040817	 0.085665306122449	 12.95	 12.75	 10.01	 10.03	 8.43	 8.77
1.0	 0.24713768115942028	 0.24717391304347824	 0.24710144927536232	 0.04066477630749842	 0.08073829027515225	 0.0818262969964293	 11.97	 12.37	 9.32	 9.61	 7.98	 8.34
1.0	 0.25754578754578755	 0.25956043956043956	 0.25545787545787546	 0.03941284600625261	 0.07933770746957561	 0.07831904359376883	 11.8	 11.66	 9.47	 9.01	 8.01	 7.89
1.0	 0.2572693726937269	 0.2559409594095941	 0.25859778597785976	 0.04017592353045302	 0.08179191459811282	 0.07888563608883323	 12.0	 11.45	 9.28	 9.16	 8.05	 7.96
1.0	 0.2657303370786517	 0.2662172284644195	 0.26516853932584267	 0.03878017646481225	 0.07795648697555023	 0.07721808413640255	 11.3	 11.28	 8.74	 8.9	 7.47	 7.61
1.0	 0.2718560606060606	 0.2772727272727273	 0.266439393939394	 0.03824207988980716	 0.07397153351698806	 0.07896808999081728	 10.32	 11.44	 8.27	 8.69	 7.32	 7.65
1.0	 0.27977011494252874	 0.2824521072796935	 0.2770114942528735	 0.03761952995405235	 0.0750030093510078	 0.07547158732255838	 10.84	 10.83	 8.28	 8.53	 7.27	 7.28
1.0	 0.2807751937984496	 0.2835658914728682	 0.2777519379844961	 0.0374334475091641	 0.07402559942311158	 0.07568775914908962	 10.21	 10.31	 8.26	 8.5	 7.17	 7.2
1.0	 0.2883529411764706	 0.2895686274509804	 0.2871372549019608	 0.03689965397923875	 0.07402076124567473	 0.07361107266435986	 10.19	 10.18	 7.92	 8.21	 6.99	 6.95
1.0	 0.29325396825396827	 0.2941269841269841	 0.2923015873015873	 0.036282438901486525	 0.07266313932980602	 0.0724237843285462	 9.91	 9.81	 7.83	 8.03	 6.93	 6.75
1.0	 0.29815261044176705	 0.30104417670682726	 0.29493975903614456	 0.03624586700214514	 0.07250979822906083	 0.07237302624151222	 9.79	 9.57	 7.85	 7.87	 6.81	 6.75
1.0	 0.3040243902439025	 0.304390243902439	 0.30365853658536585	 0.03586687818097693	 0.07073435124595147	 0.0726882146870249	 9.21	 9.81	 7.33	 7.68	 6.53	 6.65
1.0	 0.31086419753086425	 0.3123456790123457	 0.3093004115226337	 0.03505359955291367	 0.07077647377601651	 0.06937695811952783	 8.97	 8.89	 7.27	 7.19	 6.43	 6.43
1.0	 0.3187083333333333	 0.31616666666666665	 0.321	 0.03509999999999999	 0.07092499999999996	 0.06939166666666667	 9.25	 9.04	 7.42	 7.2	 6.44	 6.23
1.0	 0.32109704641350206	 0.3208438818565401	 0.3209282700421941	 0.03511331873453329	 0.07127775107265572	 0.06910003738717087	 9.09	 8.64	 7.31	 7.08	 6.28	 6.27
1.0	 0.32884615384615384	 0.32743589743589746	 0.32982905982905986	 0.03491489517130542	 0.07041566221053402	 0.06911534808970705	 9.09	 8.79	 7.11	 6.89	 6.1	 6.2
1.0	 0.3335930735930736	 0.3378354978354979	 0.329004329004329	 0.03503607503607503	 0.06980678772886566	 0.07025505519012017	 8.79	 8.78	 7.05	 6.9	 6.0	 6.17
1.0	 0.3393859649122807	 0.34324561403508774	 0.3354385964912281	 0.03508848876577407	 0.06943521083410284	 0.07081563558017852	 8.88	 8.86	 6.79	 7.02	 5.87	 6.1
1.0	 0.34728888888888887	 0.3455111111111111	 0.3488	 0.03417837037037039	 0.06973787654320988	 0.06686656790123453	 8.4	 8.02	 6.71	 6.45	 5.84	 5.71
1.0	 0.35153153153153155	 0.3512612612612613	 0.35135135135135137	 0.034144955766577396	 0.06851229607986366	 0.06792630468306146	 8.1	 7.96	 6.47	 6.39	 5.73	 5.71
1.0	 0.3633333333333333	 0.36520547945205484	 0.36127853881278543	 0.03336711077750672	 0.0668776714413795	 0.06645732991388838	 7.82	 7.88	 6.24	 6.32	 5.53	 5.46
1.0	 0.36777777777777776	 0.36462962962962964	 0.37064814814814817	 0.0337594307270233	 0.06807270233196158	 0.06682441700960219	 7.89	 7.8	 6.29	 6.37	 5.62	 5.44
1.0	 0.3762910798122066	 0.3753990610328638	 0.37671361502347417	 0.03309131786021292	 0.0665352994335339	 0.06571006634486103	 7.49	 7.55	 5.98	 6.07	 5.3	 5.33
1.0	 0.3867142857142857	 0.3881904761904762	 0.38476190476190475	 0.03276009070294785	 0.06505759637188208	 0.06590657596371882	 7.43	 7.46	 5.82	 6.1	 5.14	 5.24
1.0	 0.38826086956521744	 0.38753623188405795	 0.3881159420289855	 0.033284324021564095	 0.06698872785829307	 0.0660570841793274	 7.2	 7.47	 5.97	 5.92	 5.27	 5.17
1.0	 0.4009313725490196	 0.4002941176470588	 0.4007843137254902	 0.032441368704344484	 0.06422529796232221	 0.06545559400230681	 6.9	 7.17	 5.61	 5.74	 5.02	 5.06
1.0	 0.407910447761194	 0.4046766169154229	 0.41094527363184075	 0.03244177124328606	 0.06572312566520631	 0.06384396425831042	 6.89	 6.85	 5.69	 5.58	 5.0	 4.95
1.0	 0.4141919191919192	 0.41000000000000003	 0.41747474747474744	 0.03245077032955821	 0.06566268748086931	 0.06401795735129069	 6.9	 6.74	 5.55	 5.55	 4.9	 4.8
1.0	 0.42148717948717945	 0.41784615384615387	 0.42471794871794866	 0.03267955292570679	 0.06668034188034187	 0.06385483234714005	 6.89	 6.76	 5.75	 5.52	 4.9	 4.8
1.0	 0.43338541666666663	 0.43520833333333336	 0.43072916666666666	 0.032276475694444445	 0.06442274305555555	 0.06455729166666667	 6.74	 6.66	 5.36	 5.46	 4.63	 4.76
1.0	 0.44015873015873014	 0.4427513227513228	 0.4365079365079365	 0.031860250272948656	 0.06362867780857197	 0.06359284454522549	 6.32	 6.5	 5.19	 5.08	 4.59	 4.63
1.0	 0.4554301075268817	 0.4530107526881721	 0.45688172043010755	 0.031372412995722035	 0.06284425945195975	 0.062448838015955604	 6.25	 6.14	 5.02	 5.07	 4.48	 4.49
1.0	 0.4589071038251366	 0.4566120218579235	 0.4605464480874317	 0.031928095792648346	 0.0652393323180746	 0.06231299829794859	 6.59	 6.19	 5.07	 4.93	 4.48	 4.28
1.0	 0.4711666666666667	 0.4736666666666667	 0.4673333333333334	 0.03145555555555555	 0.06183456790123461	 0.06385185185185181	 5.96	 6.25	 4.81	 4.99	 4.2	 4.43
1.0	 0.47847457627118645	 0.47627118644067795	 0.4796610169491526	 0.03147882153914899	 0.06431868237096613	 0.061481694276868	 6.04	 5.82	 4.97	 4.76	 4.42	 4.22
1.0	 0.49137931034482757	 0.48528735632183906	 0.4959770114942529	 0.03086537191174526	 0.06264235698242832	 0.06067644338750167	 5.76	 5.63	 4.78	 4.55	 4.2	 4.01
1.0	 0.505672514619883	 0.5066666666666667	 0.5035087719298246	 0.030548886836975472	 0.06176532950309496	 0.06026059300297527	 5.73	 5.57	 4.55	 4.45	 3.99	 3.91
1.0	 0.5117261904761905	 0.5113095238095239	 0.5111904761904762	 0.031013321995464846	 0.062020975056689354	 0.061822562358276635	 5.78	 5.51	 4.44	 4.46	 3.92	 4.0
1.0	 0.5210909090909092	 0.5231515151515151	 0.5166060606060606	 0.030573370064279154	 0.06131717171717172	 0.06075886134067951	 5.41	 5.32	 4.31	 4.35	 3.79	 3.9
1.0	 0.5300617283950617	 0.5304938271604938	 0.5285185185185185	 0.03099832342630697	 0.06180765127267183	 0.06199969516841942	 5.36	 5.48	 4.36	 4.36	 3.8	 3.84
1.0	 0.5468553459119497	 0.5485534591194968	 0.5433962264150943	 0.03045923816304735	 0.061969067679284846	 0.05973181440607571	 5.24	 5.07	 4.36	 4.16	 3.83	 3.71
1.0	 0.5541666666666667	 0.5526923076923077	 0.5537179487179487	 0.030552268244575926	 0.06076265614727151	 0.06132478632478633	 5.06	 5.2	 4.18	 4.11	 3.66	 3.61
1.0	 0.5616339869281046	 0.5647058823529412	 0.5571241830065359	 0.030518176769618502	 0.06136784997223293	 0.060458797898244286	 4.88	 4.97	 4.06	 3.98	 3.61	 3.55
1.0	 0.5790666666666666	 0.5812	 0.5748	 0.030127999999999995	 0.0599146666666667	 0.06031999999999999	 4.86	 4.9	 3.93	 3.93	 3.41	 3.4
1.0	 0.589047619047619	 0.5914285714285714	 0.5851700680272108	 0.030183719746401952	 0.060841316118284056	 0.05971215697163218	 4.75	 4.77	 3.89	 3.82	 3.42	 3.34
1.0	 0.6031249999999999	 0.59875	 0.6051388888888889	 0.02997685185185184	 0.05966435185185182	 0.05998842592592593	 4.53	 4.67	 3.68	 3.72	 3.35	 3.25
1.0	 0.6118439716312056	 0.6170212765957447	 0.6049645390070921	 0.030300286705900098	 0.0603349932095971	 0.06062471706654597	 4.6	 4.63	 3.61	 3.74	 3.26	 3.29
1.0	 0.6268115942028986	 0.6227536231884058	 0.6282608695652174	 0.02993488762864944	 0.0601974375131275	 0.05932367149758458	 4.47	 4.32	 3.63	 3.48	 3.11	 3.2
1.0	 0.6290370370370371	 0.6328888888888888	 0.6225185185185186	 0.030358299039780517	 0.06112043895747601	 0.06001426611796983	 4.45	 4.39	 3.59	 3.45	 3.15	 3.13
1.0	 0.645	 0.6462121212121212	 0.6410606060606061	 0.030126262626262643	 0.060045913682277324	 0.06024334251606978	 4.15	 4.27	 3.49	 3.37	 3.17	 3.06
1.0	 0.6587596899224807	 0.6666666666666666	 0.6482170542635659	 0.03018568595637282	 0.06040502373655428	 0.06009254251547385	 4.18	 4.15	 3.32	 3.41	 2.97	 3.07
1.0	 0.6661904761904762	 0.6665079365079365	 0.6628571428571428	 0.03029478458049885	 0.060085663895187685	 0.060811287477954126	 4.02	 4.11	 3.27	 3.27	 2.84	 2.99
1.0	 0.671869918699187	 0.680650406504065	 0.6598373983739837	 0.03068279463282437	 0.0609531363606319	 0.06145019498975477	 3.87	 4.01	 3.18	 3.3	 2.83	 2.88
1.0	 0.6890000000000001	 0.6891666666666667	 0.6859999999999999	 0.030533333333333336	 0.06094444444444445	 0.06092222222222224	 3.97	 3.91	 3.1	 3.14	 2.77	 2.76
1.0	 0.6971794871794871	 0.6965811965811965	 0.694017094017094	 0.03086565855796624	 0.06265468624442985	 0.06052743078384105	 3.82	 3.84	 3.18	 3.08	 2.87	 2.63
1.0	 0.7120175438596491	 0.7150877192982455	 0.7050877192982455	 0.030590951061865188	 0.0605786395814096	 0.061588180978762654	 3.66	 3.62	 2.95	 3.08	 2.58	 2.67
1.0	 0.7252252252252253	 0.7308108108108109	 0.714954954954955	 0.030909828747666578	 0.06213781348916483	 0.06113789465140816	 3.67	 3.57	 2.94	 2.89	 2.55	 2.56
1.0	 0.7316666666666666	 0.7251851851851852	 0.7335185185185185	 0.03131687242798353	 0.06325102880658436	 0.06170781893004113	 3.69	 3.51	 2.94	 2.87	 2.54	 2.47
1.0	 0.7449523809523809	 0.7495238095238096	 0.7375238095238095	 0.03132154195011338	 0.06285351473922901	 0.062280272108843536	 3.4	 3.47	 2.77	 2.78	 2.4	 2.39
1.0	 0.754313725490196	 0.7527450980392157	 0.7533333333333334	 0.03155324875048059	 0.06289888504421377	 0.06292195309496348	 3.31	 3.29	 2.67	 2.73	 2.32	 2.37
1.0	 0.7676767676767676	 0.7725252525252526	 0.7579797979797981	 0.03180491786552393	 0.06420569329660239	 0.06265483113967962	 3.23	 3.25	 2.59	 2.61	 2.29	 2.18
1.0	 0.7703125000000001	 0.7585416666666666	 0.7781250000000001	 0.03256944444444445	 0.06576388888888891	 0.06420138888888889	 3.16	 3.16	 2.59	 2.56	 2.27	 2.26
1.0	 0.7823655913978496	 0.7883870967741935	 0.7726881720430108	 0.032970285582148214	 0.06653254711527345	 0.06490461325008672	 3.19	 3.06	 2.46	 2.52	 2.19	 2.21
1.0	 0.7967777777777777	 0.7979999999999999	 0.7915555555555555	 0.03300246913580245	 0.06590617283950613	 0.0658962962962963	 2.98	 2.9	 2.45	 2.45	 2.12	 2.14
1.0	 0.8012643678160919	 0.8011494252873563	 0.7967816091954022	 0.033832738803012276	 0.06931430836305986	 0.06571013343902758	 3.02	 2.88	 2.32	 2.3	 2.11	 2.05
1.0	 0.8170238095238095	 0.8138095238095238	 0.8152380952380953	 0.0342517006802721	 0.06903628117913835	 0.0676984126984127	 2.94	 2.86	 2.32	 2.18	 2.08	 2.05
1.0	 0.8216049382716049	 0.8325925925925926	 0.8059259259259259	 0.03511659807956105	 0.07051364121322971	 0.06951379362901998	 2.9	 2.86	 2.21	 2.23	 2.03	 2.03
1.0	 0.8324358974358975	 0.8310256410256409	 0.8297435897435897	 0.035700197238658776	 0.07138724523339905	 0.07086127547666006	 2.75	 2.71	 2.21	 2.14	 2.02	 2.02
1.0	 0.8369333333333334	 0.8461333333333333	 0.8224	 0.036700444444444445	 0.07416888888888884	 0.07214933333333333	 2.59	 2.69	 2.22	 2.12	 2.04	 1.98
1.0	 0.8433333333333333	 0.8369444444444444	 0.8455555555555556	 0.037831790123456784	 0.07583333333333332	 0.0750925925925926	 2.63	 2.6	 2.16	 2.09	 1.94	 1.95
1.0	 0.8569565217391305	 0.8640579710144927	 0.8472463768115942	 0.038571728628439404	 0.07868935097668553	 0.07511027095148079	 2.6	 2.48	 2.13	 2.07	 1.87	 1.87
1.0	 0.8628787878787879	 0.8642424242424243	 0.8575757575757575	 0.03979797979797978	 0.07915518824609732	 0.07963269054178142	 2.49	 2.44	 2.01	 2.02	 1.79	 1.82
1.0	 0.8746031746031746	 0.8844444444444445	 0.8606349206349206	 0.04062484252960446	 0.08251952632905014	 0.0796573444192492	 2.32	 2.4	 1.94	 1.95	 1.78	 1.7
1.0	 0.876	 0.8706666666666667	 0.8756666666666667	 0.0427111111111111	 0.08566666666666664	 0.08473333333333331	 2.42	 2.31	 1.92	 1.97	 1.69	 1.75
